0.000000    1.000000e+00
0.000916    9.902514e-01
0.001833    9.993110e-01
0.002749    9.902716e-01
0.003666    9.987259e-01
0.004582    9.902554e-01
0.005499    9.981460e-01
0.006415    9.901945e-01
0.007331    9.975567e-01
0.008248    9.900858e-01
0.009164    9.969553e-01
0.010081    9.899354e-01
0.010997    9.963509e-01
0.011914    9.897607e-01
0.012830    9.957621e-01
0.013746    9.895849e-01
0.014663    9.952103e-01
0.015579    9.894299e-01
0.016496    9.947119e-01
0.017412    9.893091e-01
0.018329    9.942725e-01
0.019245    9.892242e-01
0.020161    9.938861e-01
0.021078    9.891654e-01
0.021994    9.935373e-01
0.022911    9.891164e-01
0.023827    9.932073e-01
0.024744    9.890597e-01
0.025660    9.928790e-01
0.026576    9.889821e-01
0.027493    9.925412e-01
0.028409    9.888767e-01
0.029326    9.921897e-01
0.030242    9.887430e-01
0.031159    9.918252e-01
0.032075    9.885841e-01
0.032991    9.914515e-01
0.033908    9.884049e-01
0.034824    9.910725e-01
0.035741    9.882093e-01
0.036657    9.906907e-01
0.037574    9.879995e-01
0.038490    9.903067e-01
0.039406    9.877760e-01
0.040323    9.899200e-01
0.041239    9.875386e-01
0.042156    9.895295e-01
0.043072    9.872874e-01
0.043989    9.891354e-01
0.044905    9.870239e-01
0.045821    9.887396e-01
0.046738    9.867521e-01
0.047654    9.883468e-01
0.048571    9.864784e-01
0.049487    9.879637e-01
0.050404    9.862110e-01
0.051320    9.875984e-01
0.052236    9.859583e-01
0.053153    9.872578e-01
0.054069    9.857263e-01
0.054986    9.869455e-01
0.055902    9.855167e-01
0.056819    9.866600e-01
0.057735    9.853253e-01
0.058651    9.863942e-01
0.059568    9.851433e-01
0.060484    9.861372e-01
0.061401    9.849592e-01
0.062317    9.858771e-01
0.063234    9.847623e-01
0.064150    9.856050e-01
0.065066    9.845463e-01
0.065983    9.853171e-01
0.066899    9.843109e-01
0.067816    9.850155e-01
0.068732    9.840606e-01
0.069649    9.847062e-01
0.070565    9.838025e-01
0.071481    9.843958e-01
0.072398    9.835423e-01
0.073314    9.840883e-01
0.074231    9.832821e-01
0.075147    9.837830e-01
0.076064    9.830192e-01
0.076980    9.834755e-01
0.077896    9.827484e-01
0.078813    9.831599e-01
0.079729    9.824647e-01
0.080646    9.828326e-01
0.081562    9.821665e-01
0.082479    9.824943e-01
0.083395    9.818576e-01
0.084311    9.821511e-01
0.085228    9.815461e-01
0.086144    9.818124e-01
0.087061    9.812420e-01
0.087977    9.814876e-01
0.088894    9.809539e-01
0.089810    9.811834e-01
0.090726    9.806859e-01
0.091643    9.809008e-01
0.092559    9.804365e-01
0.093476    9.806362e-01
0.094392    9.802002e-01
0.095309    9.803822e-01
0.096225    9.799691e-01
0.097141    9.801311e-01
0.098058    9.797362e-01
0.098974    9.798770e-01
0.099891    9.794972e-01
0.100807    9.796170e-01
0.101724    9.792508e-01
0.102640    9.793511e-01
0.103556    9.789980e-01
0.104473    9.790806e-01
0.105389    9.787404e-01
0.106306    9.788069e-01
0.107222    9.784787e-01
0.108139    9.785299e-01
0.109055    9.782121e-01
0.109971    9.782477e-01
0.110888    9.779382e-01
0.111804    9.779575e-01
0.112721    9.776540e-01
0.113637    9.776566e-01
0.114554    9.773576e-01
0.115470    9.773439e-01
0.116386    9.770489e-01
0.117303    9.770205e-01
0.118219    9.767306e-01
0.119136    9.766905e-01
0.120052    9.764078e-01
0.120969    9.763597e-01
0.121885    9.760872e-01
0.122801    9.760353e-01
0.123718    9.757758e-01
0.124634    9.757236e-01
0.125551    9.754792e-01
0.126467    9.754290e-01
0.127384    9.752002e-01
0.128300    9.751527e-01
0.129216    9.749384e-01
0.130133    9.748926e-01
0.131049    9.746904e-01
0.131966    9.746438e-01
0.132882    9.744502e-01
0.133799    9.744001e-01
0.134715    9.742113e-01
0.135631    9.741550e-01
0.136548    9.739682e-01
0.137464    9.739038e-01
0.138381    9.737172e-01
0.139297    9.736441e-01
0.140214    9.734570e-01
0.141130    9.733755e-01
0.142046    9.731879e-01
0.142963    9.730987e-01
0.143879    9.729108e-01
0.144796    9.728144e-01
0.145712    9.726260e-01
0.146629    9.725226e-01
0.147545    9.723331e-01
0.148461    9.722223e-01
0.149378    9.720310e-01
0.150294    9.719125e-01
0.151211    9.717190e-01
0.152127    9.715933e-01
0.153044    9.713982e-01
0.153960    9.712670e-01
0.154877    9.710723e-01
0.155793    9.709384e-01
0.156709    9.707469e-01
0.157626    9.706138e-01
0.158542    9.704289e-01
0.159459    9.703000e-01
0.160375    9.701243e-01
0.161292    9.700019e-01
0.162208    9.698366e-01
0.163124    9.697211e-01
0.164041    9.695656e-01
0.164957    9.694559e-01
0.165874    9.693080e-01
0.166790    9.692014e-01
0.167707    9.690579e-01
0.168623    9.689514e-01
0.169539    9.688091e-01
0.170456    9.686998e-01
0.171372    9.685562e-01
0.172289    9.684424e-01
0.173205    9.682959e-01
0.174122    9.681767e-01
0.175038    9.680270e-01
0.175954    9.679025e-01
0.176871    9.677496e-01
0.177787    9.676202e-01
0.178704    9.674645e-01
0.179620    9.673306e-01
0.180537    9.671724e-01
0.181453    9.670343e-01
0.182369    9.668734e-01
0.183286    9.667311e-01
0.184202    9.665676e-01
0.185119    9.664213e-01
0.186035    9.662553e-01
0.186952    9.661054e-01
0.187868    9.659377e-01
0.188784    9.657856e-01
0.189701    9.656175e-01
0.190617    9.654647e-01
0.191534    9.652981e-01
0.192450    9.651466e-01
0.193367    9.649834e-01
0.194283    9.648352e-01
0.195199    9.646769e-01
0.196116    9.645333e-01
0.197032    9.643809e-01
0.197949    9.642424e-01
0.198865    9.640958e-01
0.199782    9.639618e-01
0.200698    9.638200e-01
0.201614    9.636893e-01
0.202531    9.635506e-01
0.203447    9.634213e-01
0.204364    9.632837e-01
0.205280    9.631539e-01
0.206197    9.630154e-01
0.207113    9.628834e-01
0.208029    9.627427e-01
0.208946    9.626074e-01
0.209862    9.624638e-01
0.210779    9.623249e-01
0.211695    9.621781e-01
0.212612    9.620358e-01
0.213528    9.618863e-01
0.214444    9.617410e-01
0.215361    9.615893e-01
0.216277    9.614416e-01
0.217194    9.612880e-01
0.218110    9.611382e-01
0.219027    9.609829e-01
0.219943    9.608311e-01
0.220859    9.606742e-01
0.221776    9.605203e-01
0.222692    9.603617e-01
0.223609    9.602059e-01
0.224525    9.600459e-01
0.225442    9.598888e-01
0.226358    9.597281e-01
0.227274    9.595706e-01
0.228191    9.594104e-01
0.229107    9.592538e-01
0.230024    9.590954e-01
0.230940    9.589411e-01
0.231857    9.587857e-01
0.232773    9.586347e-01
0.233689    9.584832e-01
0.234606    9.583358e-01
0.235522    9.581881e-01
0.236439    9.580440e-01
0.237355    9.578993e-01
0.238272    9.577575e-01
0.239188    9.576146e-01
0.240104    9.574738e-01
0.241021    9.573313e-01
0.241937    9.571901e-01
0.242854    9.570468e-01
0.243770    9.569043e-01
0.244687    9.567594e-01
0.245603    9.566149e-01
0.246519    9.564682e-01
0.247436    9.563217e-01
0.248352    9.561730e-01
0.249269    9.560246e-01
0.250185    9.558741e-01
0.251102    9.557238e-01
0.252018    9.555716e-01
0.252934    9.554193e-01
0.253851    9.552651e-01
0.254767    9.551106e-01
0.255684    9.549542e-01
0.256600    9.547973e-01
0.257517    9.546384e-01
0.258433    9.544791e-01
0.259349    9.543180e-01
0.260266    9.541565e-01
0.261182    9.539937e-01
0.262099    9.538309e-01
0.263015    9.536673e-01
0.263932    9.535043e-01
0.264848    9.533412e-01
0.265764    9.531793e-01
0.266681    9.530180e-01
0.267597    9.528583e-01
0.268514    9.526996e-01
0.269430    9.525429e-01
0.270347    9.523874e-01
0.271263    9.522339e-01
0.272179    9.520815e-01
0.273096    9.519308e-01
0.274012    9.517809e-01
0.274929    9.516323e-01
0.275845    9.514840e-01
0.276762    9.513363e-01
0.277678    9.511885e-01
0.278594    9.510408e-01
0.279511    9.508925e-01
0.280427    9.507439e-01
0.281344    9.505943e-01
0.282260    9.504441e-01
0.283177    9.502928e-01
0.284093    9.501406e-01
0.285009    9.499871e-01
0.285926    9.498328e-01
0.286842    9.496771e-01
0.287759    9.495204e-01
0.288675    9.493624e-01
0.289592    9.492033e-01
0.290508    9.490428e-01
0.291424    9.488813e-01
0.292341    9.487184e-01
0.293257    9.485545e-01
0.294174    9.483894e-01
0.295090    9.482235e-01
0.296007    9.480566e-01
0.296923    9.478891e-01
0.297839    9.477211e-01
0.298756    9.475529e-01
0.299672    9.473848e-01
0.300589    9.472171e-01
0.301505    9.470500e-01
0.302422    9.468839e-01
0.303338    9.467188e-01
0.304254    9.465550e-01
0.305171    9.463927e-01
0.306087    9.462318e-01
0.307004    9.460723e-01
0.307920    9.459143e-01
0.308837    9.457574e-01
0.309753    9.456016e-01
0.310669    9.454465e-01
0.311586    9.452920e-01
0.312502    9.451378e-01
0.313419    9.449835e-01
0.314335    9.448290e-01
0.315252    9.446740e-01
0.316168    9.445184e-01
0.317084    9.443619e-01
0.318001    9.442045e-01
0.318917    9.440460e-01
0.319834    9.438865e-01
0.320750    9.437258e-01
0.321667    9.435640e-01
0.322583    9.434010e-01
0.323499    9.432369e-01
0.324416    9.430717e-01
0.325332    9.429054e-01
0.326249    9.427379e-01
0.327165    9.425695e-01
0.328082    9.423999e-01
0.328998    9.422295e-01
0.329914    9.420582e-01
0.330831    9.418861e-01
0.331747    9.417135e-01
0.332664    9.415405e-01
0.333580    9.413672e-01
0.334497    9.411939e-01
0.335413    9.410208e-01
0.336329    9.408481e-01
0.337246    9.406761e-01
0.338162    9.405048e-01
0.339079    9.403345e-01
0.339995    9.401652e-01
0.340912    9.399969e-01
0.341828    9.398298e-01
0.342744    9.396637e-01
0.343661    9.394986e-01
0.344577    9.393342e-01
0.345494    9.391706e-01
0.346410    9.390073e-01
0.347327    9.388444e-01
0.348243    9.386815e-01
0.349159    9.385184e-01
0.350076    9.383550e-01
0.350992    9.381911e-01
0.351909    9.380265e-01
0.352825    9.378612e-01
0.353742    9.376951e-01
0.354658    9.375280e-01
0.355574    9.373600e-01
0.356491    9.371910e-01
0.357407    9.370210e-01
0.358324    9.368501e-01
0.359240    9.366782e-01
0.360157    9.365055e-01
0.361073    9.363318e-01
0.361989    9.361573e-01
0.362906    9.359820e-01
0.363822    9.358060e-01
0.364739    9.356292e-01
0.365655    9.354519e-01
0.366572    9.352739e-01
0.367488    9.350956e-01
0.368404    9.349169e-01
0.369321    9.347380e-01
0.370237    9.345590e-01
0.371154    9.343800e-01
0.372070    9.342012e-01
0.372987    9.340227e-01
0.373903    9.338446e-01
0.374819    9.336670e-01
0.375736    9.334900e-01
0.376652    9.333137e-01
0.377569    9.331380e-01
0.378485    9.329629e-01
0.379402    9.327884e-01
0.380318    9.326144e-01
0.381234    9.324408e-01
0.382151    9.322674e-01
0.383067    9.320942e-01
0.383984    9.319210e-01
0.384900    9.317477e-01
0.385817    9.315741e-01
0.386733    9.314001e-01
0.387649    9.312256e-01
0.388566    9.310505e-01
0.389482    9.308749e-01
0.390399    9.306985e-01
0.391315    9.305215e-01
0.392232    9.303437e-01
0.393148    9.301652e-01
0.394064    9.299860e-01
0.394981    9.298061e-01
0.395897    9.296254e-01
0.396814    9.294440e-01
0.397730    9.292619e-01
0.398647    9.290791e-01
0.399563    9.288956e-01
0.400479    9.287114e-01
0.401396    9.285266e-01
0.402312    9.283412e-01
0.403229    9.281553e-01
0.404145    9.279689e-01
0.405062    9.277822e-01
0.405978    9.275952e-01
0.406894    9.274081e-01
0.407811    9.272209e-01
0.408727    9.270337e-01
0.409644    9.268468e-01
0.410560    9.266601e-01
0.411477    9.264738e-01
0.412393    9.262879e-01
0.413309    9.261024e-01
0.414226    9.259173e-01
0.415142    9.257327e-01
0.416059    9.255485e-01
0.416975    9.253646e-01
0.417892    9.251809e-01
0.418808    9.249974e-01
0.419724    9.248140e-01
0.420641    9.246305e-01
0.421557    9.244469e-01
0.422474    9.242630e-01
0.423390    9.240788e-01
0.424307    9.238941e-01
0.425223    9.237089e-01
0.426139    9.235232e-01
0.427056    9.233368e-01
0.427972    9.231498e-01
0.428889    9.229621e-01
0.429805    9.227737e-01
0.430722    9.225845e-01
0.431638    9.223945e-01
0.432554    9.222038e-01
0.433471    9.220123e-01
0.434387    9.218200e-01
0.435304    9.216269e-01
0.436220    9.214332e-01
0.437137    9.212387e-01
0.438053    9.210436e-01
0.438969    9.208480e-01
0.439886    9.206518e-01
0.440802    9.204552e-01
0.441719    9.202583e-01
0.442635    9.200612e-01
0.443552    9.198640e-01
0.444468    9.196668e-01
0.445384    9.194697e-01
0.446301    9.192727e-01
0.447217    9.190760e-01
0.448134    9.188796e-01
0.449050    9.186836e-01
0.449967    9.184880e-01
0.450883    9.182927e-01
0.451799    9.180978e-01
0.452716    9.179031e-01
0.453632    9.177086e-01
0.454549    9.175143e-01
0.455465    9.173201e-01
0.456382    9.171258e-01
0.457298    9.169313e-01
0.458214    9.167366e-01
0.459131    9.165415e-01
0.460047    9.163461e-01
0.460964    9.161501e-01
0.461880    9.159535e-01
0.462797    9.157563e-01
0.463713    9.155585e-01
0.464630    9.153599e-01
0.465546    9.151606e-01
0.466462    9.149606e-01
0.467379    9.147598e-01
0.468295    9.145583e-01
0.469212    9.143561e-01
0.470128    9.141531e-01
0.471045    9.139494e-01
0.471961    9.137450e-01
0.472877    9.135400e-01
0.473794    9.133344e-01
0.474710    9.131283e-01
0.475627    9.129218e-01
0.476543    9.127148e-01
0.477460    9.125076e-01
0.478376    9.123001e-01
0.479292    9.120925e-01
0.480209    9.118848e-01
0.481125    9.116772e-01
0.482042    9.114697e-01
0.482958    9.112623e-01
0.483875    9.110552e-01
0.484791    9.108482e-01
0.485707    9.106415e-01
0.486624    9.104350e-01
0.487540    9.102286e-01
0.488457    9.100224e-01
0.489373    9.098163e-01
0.490290    9.096101e-01
0.491206    9.094039e-01
0.492122    9.091976e-01
0.493039    9.089910e-01
0.493955    9.087841e-01
0.494872    9.085768e-01
0.495788    9.083690e-01
0.496705    9.081607e-01
0.497621    9.079519e-01
0.498537    9.077424e-01
0.499454    9.075323e-01
0.500370    9.073216e-01
0.501287    9.071101e-01
0.502203    9.068980e-01
0.503120    9.066852e-01
0.504036    9.064717e-01
0.504952    9.062576e-01
0.505869    9.060428e-01
0.506785    9.058274e-01
0.507702    9.056113e-01
0.508618    9.053948e-01
0.509535    9.051777e-01
0.510451    9.049602e-01
0.511367    9.047423e-01
0.512284    9.045240e-01
0.513200    9.043054e-01
0.514117    9.040867e-01
0.515033    9.038677e-01
0.515950    9.036487e-01
0.516866    9.034296e-01
0.517782    9.032106e-01
0.518699    9.029915e-01
0.519615    9.027726e-01
0.520532    9.025537e-01
0.521448    9.023349e-01
0.522365    9.021161e-01
0.523281    9.018974e-01
0.524197    9.016787e-01
0.525114    9.014600e-01
0.526030    9.012412e-01
0.526947    9.010223e-01
0.527863    9.008031e-01
0.528780    9.005837e-01
0.529696    9.003640e-01
0.530612    9.001438e-01
0.531529    8.999233e-01
0.532445    8.997022e-01
0.533362    8.994806e-01
0.534278    8.992585e-01
0.535195    8.990358e-01
0.536111    8.988125e-01
0.537027    8.985886e-01
0.537944    8.983641e-01
0.538860    8.981390e-01
0.539777    8.979132e-01
0.540693    8.976869e-01
0.541610    8.974600e-01
0.542526    8.972325e-01
0.543442    8.970044e-01
0.544359    8.967758e-01
0.545275    8.965468e-01
0.546192    8.963173e-01
0.547108    8.960873e-01
0.548025    8.958569e-01
0.548941    8.956263e-01
0.549857    8.953953e-01
0.550774    8.951640e-01
0.551690    8.949326e-01
0.552607    8.947010e-01
0.553523    8.944692e-01
0.554440    8.942374e-01
0.555356    8.940055e-01
0.556272    8.937736e-01
0.557189    8.935416e-01
0.558105    8.933095e-01
0.559022    8.930774e-01
0.559938    8.928452e-01
0.560855    8.926130e-01
0.561771    8.923806e-01
0.562687    8.921480e-01
0.563604    8.919152e-01
0.564520    8.916822e-01
0.565437    8.914489e-01
0.566353    8.912152e-01
0.567270    8.909812e-01
0.568186    8.907467e-01
0.569102    8.905118e-01
0.570019    8.902764e-01
0.570935    8.900406e-01
0.571852    8.898042e-01
0.572768    8.895673e-01
0.573685    8.893298e-01
0.574601    8.890918e-01
0.575517    8.888533e-01
0.576434    8.886141e-01
0.577350    8.883744e-01
0.578267    8.881342e-01
0.579183    8.878935e-01
0.580100    8.876522e-01
0.581016    8.874104e-01
0.581932    8.871681e-01
0.582849    8.869254e-01
0.583765    8.866823e-01
0.584682    8.864388e-01
0.585598    8.861950e-01
0.586515    8.859508e-01
0.587431    8.857064e-01
0.588347    8.854618e-01
0.589264    8.852170e-01
0.590180    8.849721e-01
0.591097    8.847270e-01
0.592013    8.844818e-01
0.592930    8.842365e-01
0.593846    8.839911e-01
0.594762    8.837456e-01
0.595679    8.835001e-01
0.596595    8.832543e-01
0.597512    8.830085e-01
0.598428    8.827624e-01
0.599345    8.825161e-01
0.600261    8.822696e-01
0.601177    8.820228e-01
0.602094    8.817756e-01
0.603010    8.815281e-01
0.603927    8.812801e-01
0.604843    8.810317e-01
0.605760    8.807829e-01
0.606676    8.805335e-01
0.607592    8.802836e-01
0.608509    8.800332e-01
0.609425    8.797823e-01
0.610342    8.795308e-01
0.611258    8.792787e-01
0.612175    8.790261e-01
0.613091    8.787729e-01
0.614007    8.785192e-01
0.614924    8.782649e-01
0.615840    8.780102e-01
0.616757    8.777549e-01
0.617673    8.774992e-01
0.618590    8.772430e-01
0.619506    8.769865e-01
0.620422    8.767295e-01
0.621339    8.764723e-01
0.622255    8.762147e-01
0.623172    8.759569e-01
0.624088    8.756988e-01
0.625005    8.754406e-01
0.625921    8.751822e-01
0.626837    8.749236e-01
0.627754    8.746649e-01
0.628670    8.744061e-01
0.629587    8.741472e-01
0.630503    8.738881e-01
0.631420    8.736289e-01
0.632336    8.733696e-01
0.633252    8.731100e-01
0.634169    8.728503e-01
0.635085    8.725903e-01
0.636002    8.723301e-01
0.636918    8.720696e-01
0.637835    8.718087e-01
0.638751    8.715475e-01
0.639667    8.712859e-01
0.640584    8.710238e-01
0.641500    8.707613e-01
0.642417    8.704984e-01
0.643333    8.702349e-01
0.644250    8.699710e-01
0.645166    8.697065e-01
0.646082    8.694415e-01
0.646999    8.691760e-01
0.647915    8.689100e-01
0.648832    8.686435e-01
0.649748    8.683765e-01
0.650665    8.681089e-01
0.651581    8.678409e-01
0.652497    8.675725e-01
0.653414    8.673036e-01
0.654330    8.670343e-01
0.655247    8.667646e-01
0.656163    8.664946e-01
0.657080    8.662242e-01
0.657996    8.659535e-01
0.658912    8.656825e-01
0.659829    8.654113e-01
0.660745    8.651398e-01
0.661662    8.648681e-01
0.662578    8.645962e-01
0.663495    8.643242e-01
0.664411    8.640519e-01
0.665327    8.637795e-01
0.666244    8.635069e-01
0.667160    8.632341e-01
0.668077    8.629611e-01
0.668993    8.626879e-01
0.669910    8.624144e-01
0.670826    8.621407e-01
0.671742    8.618667e-01
0.672659    8.615924e-01
0.673575    8.613177e-01
0.674492    8.610427e-01
0.675408    8.607673e-01
0.676325    8.604915e-01
0.677241    8.602153e-01
0.678157    8.599387e-01
0.679074    8.596616e-01
0.679990    8.593840e-01
0.680907    8.591060e-01
0.681823    8.588275e-01
0.682740    8.585486e-01
0.683656    8.582692e-01
0.684572    8.579893e-01
0.685489    8.577090e-01
0.686405    8.574283e-01
0.687322    8.571471e-01
0.688238    8.568655e-01
0.689155    8.565835e-01
0.690071    8.563012e-01
0.690987    8.560184e-01
0.691904    8.557354e-01
0.692820    8.554520e-01
0.693737    8.551683e-01
0.694653    8.548844e-01
0.695570    8.546002e-01
0.696486    8.543157e-01
0.697402    8.540310e-01
0.698319    8.537462e-01
0.699235    8.534611e-01
0.700152    8.531758e-01
0.701068    8.528903e-01
0.701985    8.526046e-01
0.702901    8.523187e-01
0.703817    8.520325e-01
0.704734    8.517462e-01
0.705650    8.514596e-01
0.706567    8.511727e-01
0.707483    8.508856e-01
0.708400    8.505982e-01
0.709316    8.503104e-01
0.710232    8.500223e-01
0.711149    8.497339e-01
0.712065    8.494451e-01
0.712982    8.491559e-01
0.713898    8.488663e-01
0.714815    8.485763e-01
0.715731    8.482858e-01
0.716647    8.479950e-01
0.717564    8.477037e-01
0.718480    8.474120e-01
0.719397    8.471199e-01
0.720313    8.468273e-01
0.721230    8.465343e-01
0.722146    8.462409e-01
0.723062    8.459471e-01
0.723979    8.456529e-01
0.724895    8.453583e-01
0.725812    8.450634e-01
0.726728    8.447681e-01
0.727645    8.444724e-01
0.728561    8.441764e-01
0.729477    8.438802e-01
0.730394    8.435836e-01
0.731310    8.432867e-01
0.732227    8.429896e-01
0.733143    8.426923e-01
0.734060    8.423947e-01
0.734976    8.420969e-01
0.735892    8.417989e-01
0.736809    8.415007e-01
0.737725    8.412023e-01
0.738642    8.409036e-01
0.739558    8.406048e-01
0.740475    8.403057e-01
0.741391    8.400064e-01
0.742307    8.397069e-01
0.743224    8.394071e-01
0.744140    8.391071e-01
0.745057    8.388067e-01
0.745973    8.385061e-01
0.746890    8.382052e-01
0.747806    8.379039e-01
0.748722    8.376024e-01
0.749639    8.373004e-01
0.750555    8.369981e-01
0.751472    8.366955e-01
0.752388    8.363925e-01
0.753305    8.360891e-01
0.754221    8.357853e-01
0.755137    8.354812e-01
0.756054    8.351766e-01
0.756970    8.348717e-01
0.757887    8.345664e-01
0.758803    8.342608e-01
0.759720    8.339548e-01
0.760636    8.336484e-01
0.761552    8.333417e-01
0.762469    8.330346e-01
0.763385    8.327273e-01
0.764302    8.324196e-01
0.765218    8.321117e-01
0.766135    8.318035e-01
0.767051    8.314950e-01
0.767968    8.311863e-01
0.768884    8.308773e-01
0.769800    8.305681e-01
0.770717    8.302587e-01
0.771633    8.299491e-01
0.772550    8.296393e-01
0.773466    8.293293e-01
0.774383    8.290191e-01
0.775299    8.287086e-01
0.776215    8.283980e-01
0.777132    8.280871e-01
0.778048    8.277761e-01
0.778965    8.274647e-01
0.779881    8.271531e-01
0.780798    8.268413e-01
0.781714    8.265291e-01
0.782630    8.262167e-01
0.783547    8.259040e-01
0.784463    8.255909e-01
0.785380    8.252776e-01
0.786296    8.249639e-01
0.787213    8.246498e-01
0.788129    8.243354e-01
0.789045    8.240207e-01
0.789962    8.237056e-01
0.790878    8.233902e-01
0.791795    8.230744e-01
0.792711    8.227583e-01
0.793628    8.224418e-01
0.794544    8.221250e-01
0.795460    8.218079e-01
0.796377    8.214905e-01
0.797293    8.211728e-01
0.798210    8.208547e-01
0.799126    8.205365e-01
0.800043    8.202179e-01
0.800959    8.198991e-01
0.801875    8.195801e-01
0.802792    8.192608e-01
0.803708    8.189413e-01
0.804625    8.186216e-01
0.805541    8.183017e-01
0.806458    8.179817e-01
0.807374    8.176614e-01
0.808290    8.173410e-01
0.809207    8.170204e-01
0.810123    8.166996e-01
0.811040    8.163786e-01
0.811956    8.160574e-01
0.812873    8.157361e-01
0.813789    8.154145e-01
0.814705    8.150927e-01
0.815622    8.147707e-01
0.816538    8.144485e-01
0.817455    8.141260e-01
0.818371    8.138033e-01
0.819288    8.134803e-01
0.820204    8.131570e-01
0.821120    8.128334e-01
0.822037    8.125096e-01
0.822953    8.121855e-01
0.823870    8.118610e-01
0.824786    8.115363e-01
0.825703    8.112113e-01
0.826619    8.108860e-01
0.827535    8.105603e-01
0.828452    8.102344e-01
0.829368    8.099082e-01
0.830285    8.095817e-01
0.831201    8.092549e-01
0.832118    8.089278e-01
0.833034    8.086005e-01
0.833950    8.082729e-01
0.834867    8.079450e-01
0.835783    8.076169e-01
0.836700    8.072886e-01
0.837616    8.069600e-01
0.838533    8.066313e-01
0.839449    8.063023e-01
0.840365    8.059732e-01
0.841282    8.056438e-01
0.842198    8.053143e-01
0.843115    8.049846e-01
0.844031    8.046547e-01
0.844948    8.043246e-01
0.845864    8.039944e-01
0.846780    8.036639e-01
0.847697    8.033334e-01
0.848613    8.030026e-01
0.849530    8.026716e-01
0.850446    8.023405e-01
0.851363    8.020091e-01
0.852279    8.016776e-01
0.853195    8.013458e-01
0.854112    8.010139e-01
0.855028    8.006817e-01
0.855945    8.003493e-01
0.856861    8.000166e-01
0.857778    7.996837e-01
0.858694    7.993506e-01
0.859610    7.990172e-01
0.860527    7.986836e-01
0.861443    7.983497e-01
0.862360    7.980156e-01
0.863276    7.976812e-01
0.864193    7.973466e-01
0.865109    7.970118e-01
0.866025    7.966767e-01
0.866942    7.963414e-01
0.867858    7.960058e-01
0.868775    7.956701e-01
0.869691    7.953341e-01
0.870608    7.949980e-01
0.871524    7.946616e-01
0.872440    7.943250e-01
0.873357    7.939883e-01
0.874273    7.936514e-01
0.875190    7.933143e-01
0.876106    7.929770e-01
0.877023    7.926396e-01
0.877939    7.923021e-01
0.878855    7.919643e-01
0.879772    7.916265e-01
0.880688    7.912885e-01
0.881605    7.909503e-01
0.882521    7.906120e-01
0.883438    7.902736e-01
0.884354    7.899350e-01
0.885270    7.895962e-01
0.886187    7.892573e-01
0.887103    7.889182e-01
0.888020    7.885789e-01
0.888936    7.882395e-01
0.889853    7.878999e-01
0.890769    7.875600e-01
0.891685    7.872200e-01
0.892602    7.868798e-01
0.893518    7.865394e-01
0.894435    7.861988e-01
0.895351    7.858580e-01
0.896268    7.855169e-01
0.897184    7.851757e-01
0.898100    7.848342e-01
0.899017    7.844925e-01
0.899933    7.841507e-01
0.900850    7.838086e-01
0.901766    7.834663e-01
0.902683    7.831238e-01
0.903599    7.827811e-01
0.904515    7.824382e-01
0.905432    7.820952e-01
0.906348    7.817519e-01
0.907265    7.814085e-01
0.908181    7.810650e-01
0.909098    7.807212e-01
0.910014    7.803774e-01
0.910930    7.800334e-01
0.911847    7.796892e-01
0.912763    7.793449e-01
0.913680    7.790005e-01
0.914596    7.786560e-01
0.915513    7.783113e-01
0.916429    7.779666e-01
0.917345    7.776217e-01
0.918262    7.772767e-01
0.919178    7.769316e-01
0.920095    7.765864e-01
0.921011    7.762411e-01
0.921928    7.758956e-01
0.922844    7.755500e-01
0.923760    7.752043e-01
0.924677    7.748585e-01
0.925593    7.745125e-01
0.926510    7.741664e-01
0.927426    7.738202e-01
0.928343    7.734738e-01
0.929259    7.731272e-01
0.930175    7.727805e-01
0.931092    7.724336e-01
0.932008    7.720866e-01
0.932925    7.717394e-01
0.933841    7.713921e-01
0.934758    7.710445e-01
0.935674    7.706969e-01
0.936590    7.703490e-01
0.937507    7.700010e-01
0.938423    7.696529e-01
0.939340    7.693046e-01
0.940256    7.689561e-01
0.941173    7.686075e-01
0.942089    7.682588e-01
0.943005    7.679099e-01
0.943922    7.675609e-01
0.944838    7.672118e-01
0.945755    7.668626e-01
0.946671    7.665132e-01
0.947588    7.661637e-01
0.948504    7.658142e-01
0.949420    7.654645e-01
0.950337    7.651147e-01
0.951253    7.647649e-01
0.952170    7.644149e-01
0.953086    7.640649e-01
0.954003    7.637147e-01
0.954919    7.633645e-01
0.955835    7.630142e-01
0.956752    7.626638e-01
0.957668    7.623132e-01
0.958585    7.619626e-01
0.959501    7.616119e-01
0.960418    7.612611e-01
0.961334    7.609101e-01
0.962250    7.605591e-01
0.963167    7.602079e-01
0.964083    7.598566e-01
0.965000    7.595052e-01
0.965916    7.591537e-01
0.966833    7.588020e-01
0.967749    7.584502e-01
0.968665    7.580983e-01
0.969582    7.577463e-01
0.970498    7.573941e-01
0.971415    7.570418e-01
0.972331    7.566894e-01
0.973248    7.563369e-01
0.974164    7.559843e-01
0.975080    7.556316e-01
0.975997    7.552787e-01
0.976913    7.549258e-01
0.977830    7.545728e-01
0.978746    7.542196e-01
0.979663    7.538664e-01
0.980579    7.535131e-01
0.981495    7.531598e-01
0.982412    7.528063e-01
0.983328    7.524528e-01
0.984245    7.520992e-01
0.985161    7.517456e-01
0.986078    7.513919e-01
0.986994    7.510381e-01
0.987910    7.506843e-01
0.988827    7.503304e-01
0.989743    7.499765e-01
0.990660    7.496225e-01
0.991576    7.492685e-01
0.992493    7.489144e-01
0.993409    7.485602e-01
0.994325    7.482060e-01
0.995242    7.478517e-01
0.996158    7.474973e-01
0.997075    7.471429e-01
0.997991    7.467883e-01
0.998908    7.464337e-01
0.999824    7.460791e-01
1.000740    7.457243e-01
1.001657    7.453694e-01
1.002573    7.450145e-01
1.003490    7.446595e-01
1.004406    7.443044e-01
1.005323    7.439492e-01
1.006239    7.435939e-01
1.007155    7.432385e-01
1.008072    7.428831e-01
1.008988    7.425275e-01
1.009905    7.421719e-01
1.010821    7.418162e-01
1.011738    7.414604e-01
1.012654    7.411045e-01
1.013570    7.407486e-01
1.014487    7.403926e-01
1.015403    7.400365e-01
1.016320    7.396804e-01
1.017236    7.393242e-01
1.018153    7.389680e-01
1.019069    7.386117e-01
1.019985    7.382554e-01
1.020902    7.378990e-01
1.021818    7.375426e-01
1.022735    7.371861e-01
1.023651    7.368297e-01
1.024568    7.364731e-01
1.025484    7.361166e-01
1.026400    7.357600e-01
1.027317    7.354034e-01
1.028233    7.350467e-01
1.029150    7.346900e-01
1.030066    7.343333e-01
1.030983    7.339766e-01
1.031899    7.336198e-01
1.032815    7.332629e-01
1.033732    7.329061e-01
1.034648    7.325492e-01
1.035565    7.321922e-01
1.036481    7.318352e-01
1.037398    7.314782e-01
1.038314    7.311211e-01
1.039230    7.307639e-01
1.040147    7.304068e-01
1.041063    7.300495e-01
1.041980    7.296922e-01
1.042896    7.293349e-01
1.043813    7.289775e-01
1.044729    7.286201e-01
1.045645    7.282627e-01
1.046562    7.279052e-01
1.047478    7.275477e-01
1.048395    7.271901e-01
1.049311    7.268325e-01
1.050228    7.264749e-01
1.051144    7.261172e-01
1.052060    7.257595e-01
1.052977    7.254018e-01
1.053893    7.250441e-01
1.054810    7.246863e-01
1.055726    7.243286e-01
1.056643    7.239708e-01
1.057559    7.236130e-01
1.058475    7.232552e-01
1.059392    7.228974e-01
1.060308    7.225396e-01
1.061225    7.221818e-01
1.062141    7.218239e-01
1.063058    7.214661e-01
1.063974    7.211083e-01
1.064890    7.207504e-01
1.065807    7.203925e-01
1.066723    7.200346e-01
1.067640    7.196767e-01
1.068556    7.193188e-01
1.069473    7.189609e-01
1.070389    7.186029e-01
1.071305    7.182449e-01
1.072222    7.178869e-01
1.073138    7.175289e-01
1.074055    7.171709e-01
1.074971    7.168128e-01
1.075888    7.164547e-01
1.076804    7.160966e-01
1.077721    7.157384e-01
1.078637    7.153803e-01
1.079553    7.150221e-01
1.080470    7.146639e-01
1.081386    7.143057e-01
1.082303    7.139474e-01
1.083219    7.135892e-01
1.084136    7.132309e-01
1.085052    7.128727e-01
1.085968    7.125144e-01
1.086885    7.121561e-01
1.087801    7.117978e-01
1.088718    7.114396e-01
1.089634    7.110813e-01
1.090551    7.107230e-01
1.091467    7.103648e-01
1.092383    7.100066e-01
1.093300    7.096483e-01
1.094216    7.092901e-01
1.095133    7.089319e-01
1.096049    7.085738e-01
1.096966    7.082156e-01
1.097882    7.078575e-01
1.098798    7.074994e-01
1.099715    7.071413e-01
1.100631    7.067833e-01
1.101548    7.064252e-01
1.102464    7.060672e-01
1.103381    7.057092e-01
1.104297    7.053512e-01
1.105213    7.049932e-01
1.106130    7.046353e-01
1.107046    7.042773e-01
1.107963    7.039194e-01
1.108879    7.035614e-01
1.109796    7.032035e-01
1.110712    7.028456e-01
1.111628    7.024877e-01
1.112545    7.021298e-01
1.113461    7.017719e-01
1.114378    7.014141e-01
1.115294    7.010562e-01
1.116211    7.006983e-01
1.117127    7.003405e-01
1.118043    6.999826e-01
1.118960    6.996248e-01
1.119876    6.992670e-01
1.120793    6.989092e-01
1.121709    6.985514e-01
1.122626    6.981936e-01
1.123542    6.978359e-01
1.124458    6.974781e-01
1.125375    6.971204e-01
1.126291    6.967628e-01
1.127208    6.964051e-01
1.128124    6.960475e-01
1.129041    6.956899e-01
1.129957    6.953323e-01
1.130873    6.949748e-01
1.131790    6.946173e-01
1.132706    6.942599e-01
1.133623    6.939024e-01
1.134539    6.935451e-01
1.135456    6.931877e-01
1.136372    6.928304e-01
1.137288    6.924731e-01
1.138205    6.921159e-01
1.139121    6.917586e-01
1.140038    6.914015e-01
1.140954    6.910443e-01
1.141871    6.906872e-01
1.142787    6.903301e-01
1.143703    6.899731e-01
1.144620    6.896160e-01
1.145536    6.892590e-01
1.146453    6.889021e-01
1.147369    6.885452e-01
1.148286    6.881883e-01
1.149202    6.878314e-01
1.150118    6.874746e-01
1.151035    6.871178e-01
1.151951    6.867610e-01
1.152868    6.864043e-01
1.153784    6.860476e-01
1.154701    6.856909e-01
1.155617    6.853343e-01
1.156533    6.849778e-01
1.157450    6.846212e-01
1.158366    6.842648e-01
1.159283    6.839083e-01
1.160199    6.835520e-01
1.161116    6.831956e-01
1.162032    6.828393e-01
1.162948    6.824831e-01
1.163865    6.821269e-01
1.164781    6.817708e-01
1.165698    6.814148e-01
1.166614    6.810588e-01
1.167531    6.807028e-01
1.168447    6.803469e-01
1.169363    6.799911e-01
1.170280    6.796353e-01
1.171196    6.792796e-01
1.172113    6.789239e-01
1.173029    6.785683e-01
1.173946    6.782128e-01
1.174862    6.778573e-01
1.175778    6.775018e-01
1.176695    6.771464e-01
1.177611    6.767911e-01
1.178528    6.764358e-01
1.179444    6.760805e-01
1.180361    6.757254e-01
1.181277    6.753702e-01
1.182193    6.750151e-01
1.183110    6.746601e-01
1.184026    6.743051e-01
1.184943    6.739501e-01
1.185859    6.735952e-01
1.186776    6.732404e-01
1.187692    6.728856e-01
1.188608    6.725308e-01
1.189525    6.721761e-01
1.190441    6.718215e-01
1.191358    6.714669e-01
1.192274    6.711124e-01
1.193191    6.707579e-01
1.194107    6.704034e-01
1.195023    6.700491e-01
1.195940    6.696948e-01
1.196856    6.693405e-01
1.197773    6.689863e-01
1.198689    6.686322e-01
1.199606    6.682782e-01
1.200522    6.679242e-01
1.201438    6.675703e-01
1.202355    6.672164e-01
1.203271    6.668627e-01
1.204188    6.665090e-01
1.205104    6.661553e-01
1.206021    6.658018e-01
1.206937    6.654483e-01
1.207853    6.650949e-01
1.208770    6.647416e-01
1.209686    6.643883e-01
1.210603    6.640351e-01
1.211519    6.636820e-01
1.212436    6.633289e-01
1.213352    6.629760e-01
1.214268    6.626231e-01
1.215185    6.622703e-01
1.216101    6.619175e-01
1.217018    6.615648e-01
1.217934    6.612122e-01
1.218851    6.608597e-01
1.219767    6.605072e-01
1.220683    6.601548e-01
1.221600    6.598025e-01
1.222516    6.594502e-01
1.223433    6.590980e-01
1.224349    6.587459e-01
1.225266    6.583939e-01
1.226182    6.580419e-01
1.227098    6.576900e-01
1.228015    6.573382e-01
1.228931    6.569865e-01
1.229848    6.566348e-01
1.230764    6.562832e-01
1.231681    6.559317e-01
1.232597    6.555803e-01
1.233513    6.552289e-01
1.234430    6.548776e-01
1.235346    6.545264e-01
1.236263    6.541753e-01
1.237179    6.538243e-01
1.238096    6.534733e-01
1.239012    6.531225e-01
1.239928    6.527717e-01
1.240845    6.524210e-01
1.241761    6.520704e-01
1.242678    6.517198e-01
1.243594    6.513694e-01
1.244511    6.510190e-01
1.245427    6.506687e-01
1.246343    6.503185e-01
1.247260    6.499684e-01
1.248176    6.496184e-01
1.249093    6.492684e-01
1.250009    6.489185e-01
1.250926    6.485688e-01
1.251842    6.482190e-01
1.252758    6.478694e-01
1.253675    6.475198e-01
1.254591    6.471704e-01
1.255508    6.468210e-01
1.256424    6.464717e-01
1.257341    6.461224e-01
1.258257    6.457733e-01
1.259173    6.454242e-01
1.260090    6.450753e-01
1.261006    6.447264e-01
1.261923    6.443775e-01
1.262839    6.440288e-01
1.263756    6.436802e-01
1.264672    6.433316e-01
1.265588    6.429832e-01
1.266505    6.426348e-01
1.267421    6.422865e-01
1.268338    6.419384e-01
1.269254    6.415903e-01
1.270171    6.412423e-01
1.271087    6.408944e-01
1.272003    6.405466e-01
1.272920    6.401989e-01
1.273836    6.398513e-01
1.274753    6.395038e-01
1.275669    6.391563e-01
1.276586    6.388090e-01
1.277502    6.384618e-01
1.278418    6.381147e-01
1.279335    6.377677e-01
1.280251    6.374208e-01
1.281168    6.370740e-01
1.282084    6.367273e-01
1.283001    6.363806e-01
1.283917    6.360341e-01
1.284833    6.356877e-01
1.285750    6.353414e-01
1.286666    6.349952e-01
1.287583    6.346490e-01
1.288499    6.343030e-01
1.289416    6.339570e-01
1.290332    6.336112e-01
1.291248    6.332655e-01
1.292165    6.329198e-01
1.293081    6.325742e-01
1.293998    6.322288e-01
1.294914    6.318834e-01
1.295831    6.315381e-01
1.296747    6.311929e-01
1.297663    6.308478e-01
1.298580    6.305028e-01
1.299496    6.301579e-01
1.300413    6.298131e-01
1.301329    6.294684e-01
1.302246    6.291238e-01
1.303162    6.287793e-01
1.304078    6.284349e-01
1.304995    6.280906e-01
1.305911    6.277464e-01
1.306828    6.274023e-01
1.307744    6.270583e-01
1.308661    6.267144e-01
1.309577    6.263706e-01
1.310493    6.260269e-01
1.311410    6.256833e-01
1.312326    6.253398e-01
1.313243    6.249964e-01
1.314159    6.246532e-01
1.315076    6.243100e-01
1.315992    6.239669e-01
1.316908    6.236240e-01
1.317825    6.232811e-01
1.318741    6.229384e-01
1.319658    6.225957e-01
1.320574    6.222532e-01
1.321491    6.219108e-01
1.322407    6.215684e-01
1.323323    6.212262e-01
1.324240    6.208841e-01
1.325156    6.205421e-01
1.326073    6.202002e-01
1.326989    6.198584e-01
1.327906    6.195167e-01
1.328822    6.191751e-01
1.329738    6.188337e-01
1.330655    6.184923e-01
1.331571    6.181510e-01
1.332488    6.178099e-01
1.333404    6.174688e-01
1.334321    6.171279e-01
1.335237    6.167871e-01
1.336153    6.164464e-01
1.337070    6.161058e-01
1.337986    6.157653e-01
1.338903    6.154249e-01
1.339819    6.150846e-01
1.340736    6.147445e-01
1.341652    6.144045e-01
1.342568    6.140645e-01
1.343485    6.137247e-01
1.344401    6.133850e-01
1.345318    6.130454e-01
1.346234    6.127060e-01
1.347151    6.123666e-01
1.348067    6.120274e-01
1.348983    6.116883e-01
1.349900    6.113492e-01
1.350816    6.110103e-01
1.351733    6.106716e-01
1.352649    6.103329e-01
1.353566    6.099943e-01
1.354482    6.096559e-01
1.355398    6.093176e-01
1.356315    6.089793e-01
1.357231    6.086412e-01
1.358148    6.083032e-01
1.359064    6.079654e-01
1.359981    6.076276e-01
1.360897    6.072899e-01
1.361813    6.069524e-01
1.362730    6.066149e-01
1.363646    6.062776e-01
1.364563    6.059404e-01
1.365479    6.056033e-01
1.366396    6.052663e-01
1.367312    6.049294e-01
1.368228    6.045927e-01
1.369145    6.042560e-01
1.370061    6.039195e-01
1.370978    6.035831e-01
1.371894    6.032467e-01
1.372811    6.029106e-01
1.373727    6.025745e-01
1.374643    6.022385e-01
1.375560    6.019027e-01
1.376476    6.015669e-01
1.377393    6.012313e-01
1.378309    6.008958e-01
1.379226    6.005605e-01
1.380142    6.002252e-01
1.381059    5.998901e-01
1.381975    5.995551e-01
1.382891    5.992202e-01
1.383808    5.988854e-01
1.384724    5.985508e-01
1.385641    5.982162e-01
1.386557    5.978818e-01
1.387474    5.975475e-01
1.388390    5.972134e-01
1.389306    5.968794e-01
1.390223    5.965455e-01
1.391139    5.962117e-01
1.392056    5.958780e-01
1.392972    5.955445e-01
1.393889    5.952110e-01
1.394805    5.948777e-01
1.395721    5.945446e-01
1.396638    5.942115e-01
1.397554    5.938786e-01
1.398471    5.935458e-01
1.399387    5.932131e-01
1.400304    5.928805e-01
1.401220    5.925481e-01
1.402136    5.922158e-01
1.403053    5.918836e-01
1.403969    5.915515e-01
1.404886    5.912195e-01
1.405802    5.908877e-01
1.406719    5.905560e-01
1.407635    5.902244e-01
1.408551    5.898929e-01
1.409468    5.895616e-01
1.410384    5.892304e-01
1.411301    5.888993e-01
1.412217    5.885683e-01
1.413134    5.882374e-01
1.414050    5.879067e-01
1.414966    5.875761e-01
1.415883    5.872456e-01
1.416799    5.869153e-01
1.417716    5.865851e-01
1.418632    5.862550e-01
1.419549    5.859250e-01
1.420465    5.855951e-01
1.421381    5.852654e-01
1.422298    5.849358e-01
1.423214    5.846063e-01
1.424131    5.842769e-01
1.425047    5.839477e-01
1.425964    5.836186e-01
1.426880    5.832896e-01
1.427796    5.829608e-01
1.428713    5.826320e-01
1.429629    5.823034e-01
1.430546    5.819749e-01
1.431462    5.816466e-01
1.432379    5.813184e-01
1.433295    5.809902e-01
1.434211    5.806623e-01
1.435128    5.803344e-01
1.436044    5.800067e-01
1.436961    5.796791e-01
1.437877    5.793516e-01
1.438794    5.790242e-01
1.439710    5.786970e-01
1.440626    5.783699e-01
1.441543    5.780430e-01
1.442459    5.777161e-01
1.443376    5.773894e-01
1.444292    5.770628e-01
1.445209    5.767364e-01
1.446125    5.764100e-01
1.447041    5.760839e-01
1.447958    5.757578e-01
1.448874    5.754319e-01
1.449791    5.751061e-01
1.450707    5.747804e-01
1.451624    5.744549e-01
1.452540    5.741294e-01
1.453456    5.738042e-01
1.454373    5.734790e-01
1.455289    5.731540e-01
1.456206    5.728292e-01
1.457122    5.725044e-01
1.458039    5.721798e-01
1.458955    5.718553e-01
1.459871    5.715310e-01
1.460788    5.712068e-01
1.461704    5.708827e-01
1.462621    5.705587e-01
1.463537    5.702349e-01
1.464454    5.699112e-01
1.465370    5.695877e-01
1.466286    5.692643e-01
1.467203    5.689410e-01
1.468119    5.686178e-01
1.469036    5.682948e-01
1.469952    5.679719e-01
1.470869    5.676491e-01
1.471785    5.673265e-01
1.472701    5.670040e-01
1.473618    5.666816e-01
1.474534    5.663593e-01
1.475451    5.660372e-01
1.476367    5.657152e-01
1.477284    5.653934e-01
1.478200    5.650716e-01
1.479116    5.647500e-01
1.480033    5.644286e-01
1.480949    5.641072e-01
1.481866    5.637860e-01
1.482782    5.634649e-01
1.483699    5.631440e-01
1.484615    5.628232e-01
1.485531    5.625025e-01
1.486448    5.621820e-01
1.487364    5.618615e-01
1.488281    5.615413e-01
1.489197    5.612211e-01
1.490114    5.609011e-01
1.491030    5.605812e-01
1.491946    5.602615e-01
1.492863    5.599419e-01
1.493779    5.596224e-01
1.494696    5.593031e-01
1.495612    5.589838e-01
1.496529    5.586648e-01
1.497445    5.583458e-01
1.498361    5.580270e-01
1.499278    5.577084e-01
1.500194    5.573898e-01
1.501111    5.570714e-01
1.502027    5.567532e-01
1.502944    5.564351e-01
1.503860    5.561171e-01
1.504776    5.557992e-01
1.505693    5.554815e-01
1.506609    5.551639e-01
1.507526    5.548465e-01
1.508442    5.545292e-01
1.509359    5.542120e-01
1.510275    5.538950e-01
1.511191    5.535781e-01
1.512108    5.532613e-01
1.513024    5.529447e-01
1.513941    5.526282e-01
1.514857    5.523119e-01
1.515774    5.519957e-01
1.516690    5.516796e-01
1.517606    5.513637e-01
1.518523    5.510479e-01
1.519439    5.507322e-01
1.520356    5.504167e-01
1.521272    5.501013e-01
1.522189    5.497860e-01
1.523105    5.494709e-01
1.524021    5.491559e-01
1.524938    5.488411e-01
1.525854    5.485264e-01
1.526771    5.482119e-01
1.527687    5.478974e-01
1.528604    5.475831e-01
1.529520    5.472690e-01
1.530436    5.469550e-01
1.531353    5.466411e-01
1.532269    5.463274e-01
1.533186    5.460138e-01
1.534102    5.457003e-01
1.535019    5.453870e-01
1.535935    5.450738e-01
1.536851    5.447608e-01
1.537768    5.444479e-01
1.538684    5.441351e-01
1.539601    5.438224e-01
1.540517    5.435099e-01
1.541434    5.431976e-01
1.542350    5.428853e-01
1.543266    5.425732e-01
1.544183    5.422613e-01
1.545099    5.419495e-01
1.546016    5.416378e-01
1.546932    5.413262e-01
1.547849    5.410148e-01
1.548765    5.407036e-01
1.549681    5.403924e-01
1.550598    5.400814e-01
1.551514    5.397706e-01
1.552431    5.394599e-01
1.553347    5.391493e-01
1.554264    5.388388e-01
1.555180    5.385286e-01
1.556096    5.382184e-01
1.557013    5.379084e-01
1.557929    5.375985e-01
1.558846    5.372888e-01
1.559762    5.369792e-01
1.560679    5.366697e-01
1.561595    5.363604e-01
1.562511    5.360512e-01
1.563428    5.357422e-01
1.564344    5.354333e-01
1.565261    5.351245e-01
1.566177    5.348159e-01
1.567094    5.345075e-01
1.568010    5.341992e-01
1.568926    5.338910e-01
1.569843    5.335829e-01
1.570759    5.332750e-01
1.571676    5.329673e-01
1.572592    5.326597e-01
1.573509    5.323522e-01
1.574425    5.320449e-01
1.575341    5.317377e-01
1.576258    5.314307e-01
1.577174    5.311238e-01
1.578091    5.308170e-01
1.579007    5.305104e-01
1.579924    5.302039e-01
1.580840    5.298976e-01
1.581756    5.295914e-01
1.582673    5.292853e-01
1.583589    5.289794e-01
1.584506    5.286736e-01
1.585422    5.283680e-01
1.586339    5.280625e-01
1.587255    5.277571e-01
1.588171    5.274519e-01
1.589088    5.271469e-01
1.590004    5.268419e-01
1.590921    5.265372e-01
1.591837    5.262325e-01
1.592754    5.259280e-01
1.593670    5.256236e-01
1.594586    5.253194e-01
1.595503    5.250153e-01
1.596419    5.247114e-01
1.597336    5.244076e-01
1.598252    5.241039e-01
1.599169    5.238004e-01
1.600085    5.234971e-01
1.601001    5.231938e-01
1.601918    5.228907e-01
1.602834    5.225878e-01
1.603751    5.222850e-01
1.604667    5.219823e-01
1.605584    5.216798e-01
1.606500    5.213774e-01
1.607416    5.210752e-01
1.608333    5.207731e-01
1.609249    5.204711e-01
1.610166    5.201693e-01
1.611082    5.198677e-01
1.611999    5.195661e-01
1.612915    5.192648e-01
1.613831    5.189635e-01
1.614748    5.186624e-01
1.615664    5.183615e-01
1.616581    5.180606e-01
1.617497    5.177600e-01
1.618414    5.174595e-01
1.619330    5.171591e-01
1.620246    5.168588e-01
1.621163    5.165587e-01
1.622079    5.162588e-01
1.622996    5.159590e-01
1.623912    5.156593e-01
1.624829    5.153598e-01
1.625745    5.150604e-01
1.626661    5.147612e-01
1.627578    5.144621e-01
1.628494    5.141632e-01
1.629411    5.138644e-01
1.630327    5.135658e-01
1.631244    5.132673e-01
1.632160    5.129689e-01
1.633076    5.126707e-01
1.633993    5.123726e-01
1.634909    5.120747e-01
1.635826    5.117769e-01
1.636742    5.114793e-01
1.637659    5.111818e-01
1.638575    5.108845e-01
1.639491    5.105873e-01
1.640408    5.102902e-01
1.641324    5.099933e-01
1.642241    5.096966e-01
1.643157    5.094000e-01
1.644074    5.091035e-01
1.644990    5.088072e-01
1.645906    5.085110e-01
1.646823    5.082149e-01
1.647739    5.079190e-01
1.648656    5.076233e-01
1.649572    5.073277e-01
1.650489    5.070322e-01
1.651405    5.067369e-01
1.652321    5.064417e-01
1.653238    5.061467e-01
1.654154    5.058518e-01
1.655071    5.055570e-01
1.655987    5.052624e-01
1.656904    5.049680e-01
1.657820    5.046737e-01
1.658736    5.043795e-01
1.659653    5.040855e-01
1.660569    5.037916e-01
1.661486    5.034978e-01
1.662402    5.032042e-01
1.663319    5.029108e-01
1.664235    5.026175e-01
1.665151    5.023243e-01
1.666068    5.020313e-01
1.666984    5.017384e-01
1.667901    5.014457e-01
1.668817    5.011531e-01
1.669734    5.008607e-01
1.670650    5.005684e-01
1.671566    5.002762e-01
1.672483    4.999842e-01
1.673399    4.996924e-01
1.674316    4.994007e-01
1.675232    4.991091e-01
1.676149    4.988177e-01
1.677065    4.985264e-01
1.677981    4.982353e-01
1.678898    4.979443e-01
1.679814    4.976535e-01
1.680731    4.973628e-01
1.681647    4.970723e-01
1.682564    4.967819e-01
1.683480    4.964916e-01
1.684396    4.962015e-01
1.685313    4.959116e-01
1.686229    4.956218e-01
1.687146    4.953321e-01
1.688062    4.950426e-01
1.688979    4.947532e-01
1.689895    4.944640e-01
1.690812    4.941749e-01
1.691728    4.938860e-01
1.692644    4.935972e-01
1.693561    4.933086e-01
1.694477    4.930201e-01
1.695394    4.927318e-01
1.696310    4.924436e-01
1.697227    4.921555e-01
1.698143    4.918676e-01
1.699059    4.915799e-01
1.699976    4.912923e-01
1.700892    4.910048e-01
1.701809    4.907175e-01
1.702725    4.904303e-01
1.703642    4.901433e-01
1.704558    4.898564e-01
1.705474    4.895697e-01
1.706391    4.892831e-01
1.707307    4.889967e-01
1.708224    4.887104e-01
1.709140    4.884242e-01
1.710057    4.881382e-01
1.710973    4.878524e-01
1.711889    4.875667e-01
1.712806    4.872811e-01
1.713722    4.869957e-01
1.714639    4.867104e-01
1.715555    4.864253e-01
1.716472    4.861403e-01
1.717388    4.858554e-01
1.718304    4.855708e-01
1.719221    4.852862e-01
1.720137    4.850018e-01
1.721054    4.847176e-01
1.721970    4.844334e-01
1.722887    4.841495e-01
1.723803    4.838657e-01
1.724719    4.835820e-01
1.725636    4.832985e-01
1.726552    4.830151e-01
1.727469    4.827319e-01
1.728385    4.824488e-01
1.729302    4.821658e-01
1.730218    4.818830e-01
1.731134    4.816004e-01
1.732051    4.813179e-01
1.732967    4.810355e-01
1.733884    4.807533e-01
1.734800    4.804713e-01
1.735717    4.801893e-01
1.736633    4.799076e-01
1.737549    4.796260e-01
1.738466    4.793445e-01
1.739382    4.790632e-01
1.740299    4.787820e-01
1.741215    4.785009e-01
1.742132    4.782201e-01
1.743048    4.779393e-01
1.743964    4.776587e-01
1.744881    4.773783e-01
1.745797    4.770980e-01
1.746714    4.768179e-01
1.747630    4.765379e-01
1.748547    4.762580e-01
1.749463    4.759783e-01
1.750379    4.756988e-01
1.751296    4.754194e-01
1.752212    4.751401e-01
1.753129    4.748610e-01
1.754045    4.745821e-01
1.754962    4.743032e-01
1.755878    4.740246e-01
1.756794    4.737460e-01
1.757711    4.734677e-01
1.758627    4.731894e-01
1.759544    4.729114e-01
1.760460    4.726334e-01
1.761377    4.723556e-01
1.762293    4.720780e-01
1.763209    4.718005e-01
1.764126    4.715232e-01
1.765042    4.712460e-01
1.765959    4.709689e-01
1.766875    4.706920e-01
1.767792    4.704152e-01
1.768708    4.701386e-01
1.769624    4.698621e-01
1.770541    4.695858e-01
1.771457    4.693096e-01
1.772374    4.690336e-01
1.773290    4.687577e-01
1.774207    4.684820e-01
1.775123    4.682064e-01
1.776039    4.679309e-01
1.776956    4.676556e-01
1.777872    4.673805e-01
1.778789    4.671055e-01
1.779705    4.668306e-01
1.780622    4.665559e-01
1.781538    4.662813e-01
1.782454    4.660069e-01
1.783371    4.657326e-01
1.784287    4.654585e-01
1.785204    4.651845e-01
1.786120    4.649107e-01
1.787037    4.646370e-01
1.787953    4.643634e-01
1.788869    4.640900e-01
1.789786    4.638168e-01
1.790702    4.635437e-01
1.791619    4.632707e-01
1.792535    4.629979e-01
1.793452    4.627253e-01
1.794368    4.624528e-01
1.795284    4.621804e-01
1.796201    4.619082e-01
1.797117    4.616361e-01
1.798034    4.613642e-01
1.798950    4.610924e-01
1.799867    4.608208e-01
1.800783    4.605493e-01
1.801699    4.602779e-01
1.802616    4.600067e-01
1.803532    4.597357e-01
1.804449    4.594648e-01
1.805365    4.591940e-01
1.806282    4.589234e-01
1.807198    4.586530e-01
1.808114    4.583827e-01
1.809031    4.581125e-01
1.809947    4.578425e-01
1.810864    4.575726e-01
1.811780    4.573029e-01
1.812697    4.570334e-01
1.813613    4.567639e-01
1.814529    4.564947e-01
1.815446    4.562255e-01
1.816362    4.559565e-01
1.817279    4.556877e-01
1.818195    4.554190e-01
1.819112    4.551505e-01
1.820028    4.548821e-01
1.820944    4.546138e-01
1.821861    4.543457e-01
1.822777    4.540778e-01
1.823694    4.538100e-01
1.824610    4.535423e-01
1.825527    4.532748e-01
1.826443    4.530074e-01
1.827359    4.527402e-01
1.828276    4.524731e-01
1.829192    4.522061e-01
1.830109    4.519394e-01
1.831025    4.516727e-01
1.831942    4.514062e-01
1.832858    4.511399e-01
1.833774    4.508736e-01
1.834691    4.506076e-01
1.835607    4.503417e-01
1.836524    4.500759e-01
1.837440    4.498103e-01
1.838357    4.495448e-01
1.839273    4.492794e-01
1.840189    4.490142e-01
1.841106    4.487492e-01
1.842022    4.484843e-01
1.842939    4.482195e-01
1.843855    4.479549e-01
1.844772    4.476905e-01
1.845688    4.474262e-01
1.846604    4.471620e-01
1.847521    4.468980e-01
1.848437    4.466341e-01
1.849354    4.463704e-01
1.850270    4.461068e-01
1.851187    4.458433e-01
1.852103    4.455800e-01
1.853019    4.453169e-01
1.853936    4.450539e-01
1.854852    4.447910e-01
1.855769    4.445283e-01
1.856685    4.442658e-01
1.857602    4.440033e-01
1.858518    4.437411e-01
1.859434    4.434789e-01
1.860351    4.432170e-01
1.861267    4.429551e-01
1.862184    4.426934e-01
1.863100    4.424319e-01
1.864017    4.421705e-01
1.864933    4.419093e-01
1.865849    4.416482e-01
1.866766    4.413872e-01
1.867682    4.411264e-01
1.868599    4.408657e-01
1.869515    4.406052e-01
1.870432    4.403448e-01
1.871348    4.400846e-01
1.872264    4.398245e-01
1.873181    4.395646e-01
1.874097    4.393048e-01
1.875014    4.390452e-01
1.875930    4.387857e-01
1.876847    4.385263e-01
1.877763    4.382671e-01
1.878679    4.380080e-01
1.879596    4.377491e-01
1.880512    4.374903e-01
1.881429    4.372317e-01
1.882345    4.369732e-01
1.883262    4.367149e-01
1.884178    4.364567e-01
1.885094    4.361986e-01
1.886011    4.359407e-01
1.886927    4.356830e-01
1.887844    4.354253e-01
1.888760    4.351679e-01
1.889677    4.349105e-01
1.890593    4.346534e-01
1.891509    4.343963e-01
1.892426    4.341394e-01
1.893342    4.338827e-01
1.894259    4.336260e-01
1.895175    4.333696e-01
1.896092    4.331133e-01
1.897008    4.328571e-01
1.897924    4.326010e-01
1.898841    4.323452e-01
1.899757    4.320894e-01
1.900674    4.318338e-01
1.901590    4.315784e-01
1.902507    4.313230e-01
1.903423    4.310679e-01
1.904339    4.308128e-01
1.905256    4.305580e-01
1.906172    4.303032e-01
1.907089    4.300486e-01
1.908005    4.297942e-01
1.908922    4.295399e-01
1.909838    4.292857e-01
1.910754    4.290317e-01
1.911671    4.287778e-01
1.912587    4.285241e-01
1.913504    4.282705e-01
1.914420    4.280171e-01
1.915337    4.277638e-01
1.916253    4.275106e-01
1.917169    4.272576e-01
1.918086    4.270047e-01
1.919002    4.267520e-01
1.919919    4.264994e-01
1.920835    4.262470e-01
1.921752    4.259947e-01
1.922668    4.257426e-01
1.923584    4.254906e-01
1.924501    4.252387e-01
1.925417    4.249870e-01
1.926334    4.247354e-01
1.927250    4.244840e-01
1.928167    4.242327e-01
1.929083    4.239816e-01
1.929999    4.237306e-01
1.930916    4.234798e-01
1.931832    4.232291e-01
1.932749    4.229785e-01
1.933665    4.227281e-01
1.934582    4.224778e-01
1.935498    4.222277e-01
1.936414    4.219777e-01
1.937331    4.217278e-01
1.938247    4.214781e-01
1.939164    4.212285e-01
1.940080    4.209791e-01
1.940997    4.207298e-01
1.941913    4.204807e-01
1.942829    4.202317e-01
1.943746    4.199828e-01
1.944662    4.197341e-01
1.945579    4.194856e-01
1.946495    4.192371e-01
1.947412    4.189889e-01
1.948328    4.187407e-01
1.949244    4.184927e-01
1.950161    4.182448e-01
1.951077    4.179971e-01
1.951994    4.177495e-01
1.952910    4.175021e-01
1.953827    4.172548e-01
1.954743    4.170077e-01
1.955659    4.167607e-01
1.956576    4.165138e-01
1.957492    4.162671e-01
1.958409    4.160205e-01
1.959325    4.157740e-01
1.960242    4.155277e-01
1.961158    4.152816e-01
1.962074    4.150355e-01
1.962991    4.147897e-01
1.963907    4.145439e-01
1.964824    4.142983e-01
1.965740    4.140529e-01
1.966657    4.138076e-01
1.967573    4.135624e-01
1.968489    4.133173e-01
1.969406    4.130725e-01
1.970322    4.128277e-01
1.971239    4.125831e-01
1.972155    4.123386e-01
1.973072    4.120943e-01
1.973988    4.118501e-01
1.974904    4.116061e-01
1.975821    4.113622e-01
1.976737    4.111184e-01
1.977654    4.108748e-01
1.978570    4.106313e-01
1.979487    4.103880e-01
1.980403    4.101448e-01
1.981319    4.099018e-01
1.982236    4.096588e-01
1.983152    4.094161e-01
1.984069    4.091734e-01
1.984985    4.089309e-01
1.985902    4.086886e-01
1.986818    4.084464e-01
1.987734    4.082043e-01
1.988651    4.079624e-01
1.989567    4.077206e-01
1.990484    4.074790e-01
1.991400    4.072374e-01
1.992317    4.069961e-01
1.993233    4.067549e-01
1.994150    4.065138e-01
1.995066    4.062728e-01
1.995982    4.060320e-01
1.996899    4.057913e-01
1.997815    4.055508e-01
1.998732    4.053104e-01
1.999648    4.050702e-01
