0.000000 0.000000e+00  -0.000000e+00 -0.000000e+00
0.000020 4.301419e+02  6.356558e+01 2.576216e+01
0.000040 8.448566e+02  1.271312e+02 5.152432e+01
0.000060 1.116230e+03  1.906967e+02 7.728648e+01
0.000080 1.234402e+03  2.542623e+02 1.030486e+02
0.000100 1.354458e+03  3.178279e+02 1.288108e+02
0.000120 1.470177e+03  3.813935e+02 1.545730e+02
0.000140 1.590833e+03  4.449591e+02 1.803351e+02
0.000160 1.714752e+03  5.085246e+02 2.060973e+02
0.000180 1.837984e+03  5.720902e+02 2.318594e+02
0.000200 1.967804e+03  6.356558e+02 2.576216e+02
0.000220 2.090331e+03  6.992214e+02 2.833838e+02
0.000240 2.209176e+03  7.627870e+02 3.091459e+02
0.000260 2.320748e+03  8.263525e+02 3.349081e+02
0.000280 2.393117e+03  8.899181e+02 3.606702e+02
0.000300 2.462711e+03  9.534837e+02 3.864324e+02
0.000320 2.489978e+03  1.017049e+03 4.121946e+02
0.000340 2.513530e+03  1.080615e+03 4.379567e+02
0.000360 2.495851e+03  1.144180e+03 4.637189e+02
0.000380 2.478584e+03  1.207746e+03 4.894810e+02
0.000400 2.445242e+03  1.271312e+03 5.152432e+02
0.000420 2.392751e+03  1.334877e+03 5.410053e+02
0.000440 2.350778e+03  1.398443e+03 5.667675e+02
0.000460 2.302276e+03  1.462008e+03 5.925297e+02
0.000480 2.277450e+03  1.525574e+03 6.182918e+02
0.000500 2.255085e+03  1.589140e+03 6.440540e+02
0.000520 2.263933e+03  1.652705e+03 6.698161e+02
0.000540 2.296324e+03  1.716271e+03 6.955783e+02
0.000560 2.332737e+03  1.779836e+03 7.213405e+02
0.000580 2.405158e+03  1.843402e+03 7.471026e+02
0.000600 2.478949e+03  1.906967e+03 7.728648e+02
0.000620 2.583239e+03  1.970533e+03 7.986269e+02
0.000640 2.680432e+03  2.034099e+03 8.243891e+02
0.000660 2.798392e+03  2.097664e+03 8.501513e+02
0.000680 2.915525e+03  2.161230e+03 8.759134e+02
0.000700 3.015588e+03  2.224795e+03 9.016756e+02
0.000720 3.120148e+03  2.288361e+03 9.274377e+02
0.000740 3.201411e+03  2.351926e+03 9.531999e+02
0.000760 3.283377e+03  2.415492e+03 9.789621e+02
0.000780 3.338039e+03  2.479058e+03 1.004724e+03
0.000800 3.392079e+03  2.542623e+03 1.030486e+03
0.000820 3.435605e+03  2.606189e+03 1.056249e+03
0.000840 3.451814e+03  2.669754e+03 1.082011e+03
0.000860 3.475284e+03  2.733320e+03 1.107773e+03
0.000880 3.477142e+03  2.796886e+03 1.133535e+03
0.000900 3.492995e+03  2.860451e+03 1.159297e+03
0.000920 3.492052e+03  2.924017e+03 1.185059e+03
0.000940 3.510080e+03  2.987582e+03 1.210821e+03
0.000960 3.532842e+03  3.051148e+03 1.236584e+03
0.000980 3.547964e+03  3.114713e+03 1.262346e+03
0.001000 3.585172e+03  3.178279e+03 1.288108e+03
0.001020 3.622868e+03  3.241845e+03 1.313870e+03
0.001040 3.683950e+03  3.305410e+03 1.339632e+03
0.001060 3.732726e+03  3.368976e+03 1.365394e+03
0.001080 3.808842e+03  3.432541e+03 1.391157e+03
0.001100 3.887407e+03  3.496107e+03 1.416919e+03
0.001120 3.958727e+03  3.559673e+03 1.442681e+03
0.001140 4.048839e+03  3.623238e+03 1.468443e+03
0.001160 4.120465e+03  3.686804e+03 1.494205e+03
0.001180 4.212197e+03  3.750369e+03 1.519967e+03
0.001200 4.281618e+03  3.813935e+03 1.545730e+03
0.001220 4.368425e+03  3.877500e+03 1.571492e+03
0.001240 4.446715e+03  3.941066e+03 1.597254e+03
0.001260 4.509229e+03  4.004632e+03 1.623016e+03
0.001280 4.583111e+03  4.068197e+03 1.648778e+03
0.001300 4.629723e+03  4.131763e+03 1.674540e+03
0.001320 4.694694e+03  4.195328e+03 1.700303e+03
0.001340 4.747511e+03  4.258894e+03 1.726065e+03
0.001360 4.789531e+03  4.322459e+03 1.751827e+03
0.001380 4.837539e+03  4.386025e+03 1.777589e+03
0.001400 4.875668e+03  4.449591e+03 1.803351e+03
0.001420 4.928905e+03  4.513156e+03 1.829113e+03
0.001440 4.961068e+03  4.576722e+03 1.854875e+03
0.001460 5.017635e+03  4.640287e+03 1.880638e+03
0.001480 5.070284e+03  4.703853e+03 1.906400e+03
0.001500 5.116756e+03  4.767419e+03 1.932162e+03
0.001520 5.177660e+03  4.830984e+03 1.957924e+03
0.001540 5.231165e+03  4.894550e+03 1.983686e+03
0.001560 5.305434e+03  4.958115e+03 2.009448e+03
0.001580 5.360153e+03  5.021681e+03 2.035211e+03
0.001600 5.441574e+03  5.085246e+03 2.060973e+03
0.001620 5.517722e+03  5.148812e+03 2.086735e+03
0.001640 5.587011e+03  5.212378e+03 2.112497e+03
0.001660 5.666840e+03  5.275943e+03 2.138259e+03
0.001680 5.736989e+03  5.339509e+03 2.164021e+03
0.001700 5.821950e+03  5.403074e+03 2.189784e+03
0.001720 5.884646e+03  5.466640e+03 2.215546e+03
0.001740 5.967605e+03  5.530205e+03 2.241308e+03
0.001760 6.042679e+03  5.593771e+03 2.267070e+03
0.001780 6.105125e+03  5.657337e+03 2.292832e+03
0.001800 6.176684e+03  5.720902e+03 2.318594e+03
0.001820 6.234503e+03  5.784468e+03 2.344357e+03
0.001840 6.308240e+03  5.848033e+03 2.370119e+03
0.001860 6.356078e+03  5.911599e+03 2.395881e+03
0.001880 6.427948e+03  5.975165e+03 2.421643e+03
0.001900 6.490395e+03  6.038730e+03 2.447405e+03
0.001920 6.545107e+03  6.102296e+03 2.473167e+03
0.001940 6.609015e+03  6.165861e+03 2.498929e+03
0.001960 6.664777e+03  6.229427e+03 2.524692e+03
0.001980 6.737334e+03  6.292992e+03 2.550454e+03
0.002000 6.789215e+03  6.356558e+03 2.576216e+03
0.002020 6.865858e+03  6.420124e+03 2.601978e+03
0.002040 6.937944e+03  6.483689e+03 2.627740e+03
0.002060 7.001537e+03  6.547255e+03 2.653502e+03
0.002080 7.078323e+03  6.610820e+03 2.679265e+03
0.002100 7.144828e+03  6.674386e+03 2.705027e+03
0.002120 7.230584e+03  6.737952e+03 2.730789e+03
0.002140 7.292508e+03  6.801517e+03 2.756551e+03
0.002160 7.380357e+03  6.865083e+03 2.782313e+03
0.002180 7.459595e+03  6.928648e+03 2.808075e+03
0.002200 7.530440e+03  6.992214e+03 2.833838e+03
0.002220 7.610054e+03  7.055779e+03 2.859600e+03
0.002240 7.679375e+03  7.119345e+03 2.885362e+03
0.002260 7.763661e+03  7.182911e+03 2.911124e+03
0.002280 7.824248e+03  7.246476e+03 2.936886e+03
0.002300 7.907202e+03  7.310042e+03 2.962648e+03
0.002320 7.982523e+03  7.373607e+03 2.988410e+03
0.002340 8.046511e+03  7.437173e+03 3.014173e+03
0.002360 8.115278e+03  7.500738e+03 3.039935e+03
0.002380 8.157847e+03  7.564304e+03 3.065697e+03
0.002400 8.215911e+03  7.627870e+03 3.091459e+03
0.002420 8.241105e+03  7.691435e+03 3.117221e+03
0.002440 8.297829e+03  7.755001e+03 3.142983e+03
0.002460 8.337986e+03  7.818566e+03 3.168746e+03
0.002480 8.375799e+03  7.882132e+03 3.194508e+03
0.002500 8.427065e+03  7.945698e+03 3.220270e+03
0.002520 8.466960e+03  8.009263e+03 3.246032e+03
0.002540 8.521120e+03  8.072829e+03 3.271794e+03
0.002560 8.557950e+03  8.136394e+03 3.297556e+03
0.002580 8.625688e+03  8.199960e+03 3.323319e+03
0.002600 8.679527e+03  8.263525e+03 3.349081e+03
0.002620 8.720464e+03  8.327091e+03 3.374843e+03
0.002640 8.776231e+03  8.390657e+03 3.400605e+03
0.002660 8.816415e+03  8.454222e+03 3.426367e+03
0.002680 8.876613e+03  8.517788e+03 3.452129e+03
0.002700 8.916133e+03  8.581353e+03 3.477892e+03
0.002720 8.978022e+03  8.644919e+03 3.503654e+03
0.002740 9.031856e+03  8.708485e+03 3.529416e+03
0.002760 9.082477e+03  8.772050e+03 3.555178e+03
0.002780 9.151804e+03  8.835616e+03 3.580940e+03
0.002800 9.203464e+03  8.899181e+03 3.606702e+03
0.002820 9.271264e+03  8.962747e+03 3.632464e+03
0.002840 9.317325e+03  9.026312e+03 3.658227e+03
0.002860 9.385781e+03  9.089878e+03 3.683989e+03
0.002880 9.447071e+03  9.153444e+03 3.709751e+03
0.002900 9.503588e+03  9.217009e+03 3.735513e+03
0.002920 9.578436e+03  9.280575e+03 3.761275e+03
0.002940 9.633440e+03  9.344140e+03 3.787037e+03
0.002960 9.704562e+03  9.407706e+03 3.812800e+03
0.002980 9.751360e+03  9.471271e+03 3.838562e+03
0.003000 9.833293e+03  9.534837e+03 3.864324e+03
0.003020 9.902270e+03  9.598403e+03 3.890086e+03
0.003040 9.961482e+03  9.661968e+03 3.915848e+03
0.003060 1.002562e+04  9.725534e+03 3.941610e+03
0.003080 1.009431e+04  9.789099e+03 3.967373e+03
0.003100 1.016516e+04  9.852665e+03 3.993135e+03
0.003120 1.021630e+04  9.916231e+03 4.018897e+03
0.003140 1.029404e+04  9.979796e+03 4.044659e+03
0.003160 1.035466e+04  1.004336e+04 4.070421e+03
0.003180 1.041059e+04  1.010693e+04 4.096183e+03
0.003200 1.047736e+04  1.017049e+04 4.121946e+03
0.003220 1.054574e+04  1.023406e+04 4.147708e+03
0.003240 1.061884e+04  1.029762e+04 4.173470e+03
0.003260 1.067013e+04  1.036119e+04 4.199232e+03
0.003280 1.075100e+04  1.042476e+04 4.224994e+03
0.003300 1.082639e+04  1.048832e+04 4.250756e+03
0.003320 1.089038e+04  1.055189e+04 4.276518e+03
0.003340 1.096622e+04  1.061545e+04 4.302281e+03
0.003360 1.102355e+04  1.067902e+04 4.328043e+03
0.003380 1.111018e+04  1.074258e+04 4.353805e+03
0.003400 1.118029e+04  1.080615e+04 4.379567e+03
0.003420 1.126910e+04  1.086971e+04 4.405329e+03
0.003440 1.133784e+04  1.093328e+04 4.431091e+03
0.003460 1.140729e+04  1.099685e+04 4.456854e+03
0.003480 1.149704e+04  1.106041e+04 4.482616e+03
0.003500 1.155962e+04  1.112398e+04 4.508378e+03
0.003520 1.163978e+04  1.118754e+04 4.534140e+03
0.003540 1.172095e+04  1.125111e+04 4.559902e+03
0.003560 1.179953e+04  1.131467e+04 4.585664e+03
0.003580 1.187287e+04  1.137824e+04 4.611427e+03
0.003600 1.194210e+04  1.144180e+04 4.637189e+03
0.003620 1.202408e+04  1.150537e+04 4.662951e+03
0.003640 1.209509e+04  1.156894e+04 4.688713e+03
0.003660 1.218802e+04  1.163250e+04 4.714475e+03
0.003680 1.227145e+04  1.169607e+04 4.740237e+03
0.003700 1.233863e+04  1.175963e+04 4.765999e+03
0.003720 1.241270e+04  1.182320e+04 4.791762e+03
0.003740 1.249206e+04  1.188676e+04 4.817524e+03
0.003760 1.258705e+04  1.195033e+04 4.843286e+03
0.003780 1.265281e+04  1.201389e+04 4.869048e+03
0.003800 1.273328e+04  1.207746e+04 4.894810e+03
0.003820 1.281748e+04  1.214103e+04 4.920572e+03
0.003840 1.289806e+04  1.220459e+04 4.946335e+03
0.003860 1.297540e+04  1.226816e+04 4.972097e+03
0.003880 1.304779e+04  1.233172e+04 4.997859e+03
0.003900 1.313401e+04  1.239529e+04 5.023621e+03
0.003920 1.320878e+04  1.245885e+04 5.049383e+03
0.003940 1.330680e+04  1.252242e+04 5.075145e+03
0.003960 1.339540e+04  1.258598e+04 5.100908e+03
0.003980 1.346818e+04  1.264955e+04 5.126670e+03
0.004000 1.354793e+04  1.271312e+04 5.152432e+03
0.004020 1.363270e+04  1.277668e+04 5.178194e+03
0.004040 1.373356e+04  1.284025e+04 5.203956e+03
0.004060 1.380416e+04  1.290381e+04 5.229718e+03
0.004080 1.389051e+04  1.296738e+04 5.255481e+03
0.004100 1.397948e+04  1.303094e+04 5.281243e+03
0.004120 1.406508e+04  1.309451e+04 5.307005e+03
0.004140 1.415750e+04  1.315808e+04 5.332767e+03
0.004160 1.423733e+04  1.322164e+04 5.358529e+03
0.004180 1.432452e+04  1.328521e+04 5.384291e+03
0.004200 1.439447e+04  1.334877e+04 5.410053e+03
0.004220 1.449196e+04  1.341234e+04 5.435816e+03
0.004240 1.459292e+04  1.347590e+04 5.461578e+03
0.004260 1.468494e+04  1.353947e+04 5.487340e+03
0.004280 1.476639e+04  1.360303e+04 5.513102e+03
0.004300 1.484454e+04  1.366660e+04 5.538864e+03
0.004320 1.493497e+04  1.373017e+04 5.564626e+03
0.004340 1.501597e+04  1.379373e+04 5.590389e+03
0.004360 1.511807e+04  1.385730e+04 5.616151e+03
0.004380 1.521297e+04  1.392086e+04 5.641913e+03
0.004400 1.529021e+04  1.398443e+04 5.667675e+03
0.004420 1.537453e+04  1.404799e+04 5.693437e+03
0.004440 1.546250e+04  1.411156e+04 5.719199e+03
0.004460 1.556757e+04  1.417512e+04 5.744962e+03
0.004480 1.564108e+04  1.423869e+04 5.770724e+03
0.004500 1.573185e+04  1.430226e+04 5.796486e+03
0.004520 1.582365e+04  1.436582e+04 5.822248e+03
0.004540 1.591339e+04  1.442939e+04 5.848010e+03
0.004560 1.600755e+04  1.449295e+04 5.873772e+03
0.004580 1.610316e+04  1.455652e+04 5.899534e+03
0.004600 1.619508e+04  1.462008e+04 5.925297e+03
0.004620 1.626716e+04  1.468365e+04 5.951059e+03
0.004640 1.635820e+04  1.474721e+04 5.976821e+03
0.004660 1.646124e+04  1.481078e+04 6.002583e+03
0.004680 1.655326e+04  1.487435e+04 6.028345e+03
0.004700 1.663951e+04  1.493791e+04 6.054107e+03
0.004720 1.671809e+04  1.500148e+04 6.079870e+03
0.004740 1.681197e+04  1.506504e+04 6.105632e+03
0.004760 1.689292e+04  1.512861e+04 6.131394e+03
0.004780 1.699751e+04  1.519217e+04 6.157156e+03
0.004800 1.709180e+04  1.525574e+04 6.182918e+03
0.004820 1.717190e+04  1.531930e+04 6.208680e+03
0.004840 1.725511e+04  1.538287e+04 6.234443e+03
0.004860 1.734658e+04  1.544644e+04 6.260205e+03
0.004880 1.745050e+04  1.551000e+04 6.285967e+03
0.004900 1.753704e+04  1.557357e+04 6.311729e+03
0.004920 1.763013e+04  1.563713e+04 6.337491e+03
0.004940 1.772262e+04  1.570070e+04 6.363253e+03
0.004960 1.780627e+04  1.576426e+04 6.389016e+03
0.004980 1.789973e+04  1.582783e+04 6.414778e+03
0.005000 1.799273e+04  1.589140e+04 6.440540e+03
0.005020 1.809247e+04  1.595496e+04 6.466302e+03
0.005040 1.816722e+04  1.601853e+04 6.492064e+03
0.005060 1.826328e+04  1.608209e+04 6.517826e+03
0.005080 1.836955e+04  1.614566e+04 6.543588e+03
0.005100 1.846228e+04  1.620922e+04 6.569351e+03
0.005120 1.855219e+04  1.627279e+04 6.595113e+03
0.005140 1.863734e+04  1.633635e+04 6.620875e+03
0.005160 1.873398e+04  1.639992e+04 6.646637e+03
0.005180 1.881998e+04  1.646349e+04 6.672399e+03
0.005200 1.892453e+04  1.652705e+04 6.698161e+03
0.005220 1.902306e+04  1.659062e+04 6.723924e+03
0.005240 1.910502e+04  1.665418e+04 6.749686e+03
0.005260 1.919612e+04  1.671775e+04 6.775448e+03
0.005280 1.929179e+04  1.678131e+04 6.801210e+03
0.005300 1.939509e+04  1.684488e+04 6.826972e+03
0.005320 1.948501e+04  1.690844e+04 6.852734e+03
0.005340 1.958724e+04  1.697201e+04 6.878497e+03
0.005360 1.968119e+04  1.703558e+04 6.904259e+03
0.005380 1.976681e+04  1.709914e+04 6.930021e+03
0.005400 1.986404e+04  1.716271e+04 6.955783e+03
0.005420 1.995989e+04  1.722627e+04 6.981545e+03
0.005440 2.005740e+04  1.728984e+04 7.007307e+03
0.005460 2.014015e+04  1.735340e+04 7.033070e+03
0.005480 2.024670e+04  1.741697e+04 7.058832e+03
0.005500 2.034415e+04  1.748053e+04 7.084594e+03
0.005520 2.043486e+04  1.754410e+04 7.110356e+03
0.005540 2.053750e+04  1.760767e+04 7.136118e+03
0.005560 2.062140e+04  1.767123e+04 7.161880e+03
0.005580 2.071974e+04  1.773480e+04 7.187642e+03
0.005600 2.080395e+04  1.779836e+04 7.213405e+03
0.005620 2.091029e+04  1.786193e+04 7.239167e+03
0.005640 2.099954e+04  1.792549e+04 7.264929e+03
0.005660 2.107296e+04  1.798906e+04 7.290691e+03
0.005680 2.116279e+04  1.805262e+04 7.316453e+03
0.005700 2.122818e+04  1.811619e+04 7.342215e+03
0.005720 2.131881e+04  1.817976e+04 7.367978e+03
0.005740 2.141071e+04  1.824332e+04 7.393740e+03
0.005760 2.148499e+04  1.830689e+04 7.419502e+03
0.005780 2.156500e+04  1.837045e+04 7.445264e+03
0.005800 2.163901e+04  1.843402e+04 7.471026e+03
0.005820 2.173618e+04  1.849758e+04 7.496788e+03
0.005840 2.181165e+04  1.856115e+04 7.522551e+03
0.005860 2.189974e+04  1.862472e+04 7.548313e+03
0.005880 2.199086e+04  1.868828e+04 7.574075e+03
0.005900 2.206540e+04  1.875185e+04 7.599837e+03
0.005920 2.215648e+04  1.881541e+04 7.625599e+03
0.005940 2.223931e+04  1.887898e+04 7.651361e+03
0.005960 2.233671e+04  1.894254e+04 7.677123e+03
0.005980 2.241083e+04  1.900611e+04 7.702886e+03
0.006000 2.250532e+04  1.906967e+04 7.728648e+03
0.006020 2.260357e+04  1.913324e+04 7.754410e+03
0.006040 2.269055e+04  1.919681e+04 7.780172e+03
0.006060 2.278915e+04  1.926037e+04 7.805934e+03
0.006080 2.287216e+04  1.932394e+04 7.831696e+03
0.006100 2.297423e+04  1.938750e+04 7.857459e+03
