0 4.00214e-09
1 4.00214e-09
2 4.00214e-09
3 4.00214e-09
4 4.00214e-09
5 4.00214e-09
6 4.00214e-09
7 4.00214e-09
8 4.00214e-09
9 4.00214e-09
10 4.00214e-09
11 4.00214e-09
12 4.00214e-09
13 4.00214e-09
14 4.00214e-09
15 4.00214e-09
16 4.00214e-09
17 4.00214e-09
18 4.00214e-09
19 4.00214e-09
20 4.00214e-09
21 4.00214e-09
22 4.00214e-09
23 4.00214e-09
24 4.00214e-09
25 4.00214e-09
26 4.00214e-09
27 -6.11327e-09
28 -6.11327e-09
29 -6.11327e-09
30 -6.11327e-09
31 -6.11327e-09
32 -6.11327e-09
33 -6.11327e-09
34 -6.11327e-09
35 -6.11327e-09
36 -6.11327e-09
37 -6.11327e-09
38 -6.11327e-09
39 -6.11327e-09
40 -6.11327e-09
41 -6.11327e-09
42 -6.11327e-09
43 -6.11327e-09
44 -6.11327e-09
45 -6.11327e-09
46 -6.11327e-09
47 -6.11327e-09
48 -6.11327e-09
49 -6.11327e-09
50 -6.11327e-09
51 -6.11327e-09
52 -6.11327e-09
53 -6.11327e-09
54 -6.11327e-09
55 -6.11327e-09
56 -6.11327e-09
57 -6.11327e-09
58 -6.11327e-09
59 -6.11327e-09
60 -6.11327e-09
61 -6.11327e-09
62 -6.11327e-09
63 -6.11327e-09
64 -6.11327e-09
65 -6.11327e-09
66 -6.11327e-09
67 -6.11327e-09
68 -6.11327e-09
69 -6.11327e-09
70 -6.11327e-09
71 -6.11327e-09
72 -6.11327e-09
73 -6.11327e-09
74 -6.11327e-09
75 -6.11327e-09
76 -6.11327e-09
77 -6.11327e-09
78 -6.11327e-09
79 -6.11327e-09
80 -6.11327e-09
81 -6.11327e-09
82 -6.11327e-09
83 -6.11327e-09
84 -6.11327e-09
85 5.29284e-09
86 5.29284e-09
87 5.29284e-09
88 5.29284e-09
89 5.29284e-09
90 5.29284e-09
91 5.29284e-09
92 5.29284e-09
93 5.29284e-09
94 5.29284e-09
95 5.29284e-09
96 5.29284e-09
97 5.29284e-09
98 5.29284e-09
99 5.29284e-09
100 5.29284e-09
101 5.29284e-09
102 5.29284e-09
103 5.29284e-09
104 5.29284e-09
105 5.29284e-09
106 5.29284e-09
107 5.29284e-09
108 5.29284e-09
109 5.29284e-09
110 5.29284e-09
111 5.29284e-09
112 5.29284e-09
113 5.29284e-09
114 5.29284e-09
115 5.29284e-09
116 5.29284e-09
117 5.29284e-09
118 5.29284e-09
119 5.29284e-09
120 5.29284e-09
121 5.29284e-09
122 5.29284e-09
123 5.29284e-09
124 5.29284e-09
125 5.29284e-09
126 5.29284e-09
127 5.29284e-09
128 5.29284e-09
129 5.29284e-09
130 5.29284e-09
131 5.29284e-09
132 5.29284e-09
133 5.29284e-09
134 5.29284e-09
135 5.29284e-09
136 5.29284e-09
137 5.29284e-09
138 5.29284e-09
139 5.29284e-09
140 5.29284e-09
141 5.29284e-09
142 -5.82117e-09
143 -5.82117e-09
144 -5.82117e-09
145 -5.82117e-09
146 -5.82117e-09
147 -5.82117e-09
148 -5.82117e-09
149 -5.82117e-09
150 -5.82117e-09
151 -5.82117e-09
152 -5.82117e-09
153 -5.82117e-09
154 -5.82117e-09
155 -5.82117e-09
156 -5.82117e-09
157 -5.82117e-09
158 -5.82117e-09
159 -5.82117e-09
160 -5.82117e-09
161 -5.82117e-09
162 -5.82117e-09
163 -5.82117e-09
164 -5.82117e-09
165 -5.82117e-09
166 -5.82117e-09
167 -5.82117e-09
168 -5.82117e-09
169 -5.82117e-09
170 -5.82117e-09
171 -5.82117e-09
172 -5.82117e-09
173 -5.82117e-09
174 -5.82117e-09
175 -5.82117e-09
176 -5.82117e-09
177 -5.82117e-09
178 -5.82117e-09
179 -5.82117e-09
180 -5.82117e-09
181 -5.82117e-09
182 -5.82117e-09
183 -5.82117e-09
184 -5.82117e-09
185 -5.82117e-09
186 -5.82117e-09
187 -5.82117e-09
188 -5.82117e-09
189 -5.82117e-09
190 -5.82117e-09
191 -5.82117e-09
192 -5.82117e-09
193 -5.82117e-09
194 -5.82117e-09
195 -5.82117e-09
196 -5.82117e-09
197 -5.82117e-09
198 -5.82117e-09
199 5.75105e-09
200 5.75105e-09
201 5.75105e-09
202 5.75105e-09
203 5.75105e-09
204 5.75105e-09
205 5.75105e-09
206 5.75105e-09
207 5.75105e-09
208 5.75105e-09
209 5.75105e-09
210 5.75105e-09
211 5.75105e-09
212 5.75105e-09
213 5.75105e-09
214 5.75105e-09
215 5.75105e-09
216 5.75105e-09
217 5.75105e-09
218 5.75105e-09
219 5.75105e-09
220 5.75105e-09
221 5.75105e-09
222 5.75105e-09
223 5.75105e-09
224 5.75105e-09
225 5.75105e-09
226 5.75105e-09
227 5.75105e-09
228 5.75105e-09
229 5.75105e-09
230 5.75105e-09
231 5.75105e-09
232 5.75105e-09
233 5.75105e-09
234 5.75105e-09
235 5.75105e-09
236 5.75105e-09
237 5.75105e-09
238 5.75105e-09
239 5.75105e-09
240 5.75105e-09
241 5.75105e-09
242 5.75105e-09
243 5.75105e-09
244 5.75105e-09
245 5.75105e-09
246 5.75105e-09
247 5.75105e-09
248 5.75105e-09
249 5.75105e-09
250 5.75105e-09
251 5.75105e-09
252 5.75105e-09
253 5.75105e-09
254 5.75105e-09
255 5.75105e-09
256 5.75105e-09
257 -5.98316e-09
258 -5.98316e-09
259 -5.98316e-09
260 -5.98316e-09
261 -5.98316e-09
262 -5.98316e-09
263 -5.98316e-09
264 -5.98316e-09
265 -5.98316e-09
266 -5.98316e-09
267 -5.98316e-09
268 -5.98316e-09
269 -5.98316e-09
270 -5.98316e-09
271 -5.98316e-09
272 -5.98316e-09
273 -5.98316e-09
274 -5.98316e-09
275 -5.98316e-09
276 -5.98316e-09
277 -5.98316e-09
278 -5.98316e-09
279 -5.98316e-09
280 -5.98316e-09
281 -5.98316e-09
282 -5.98316e-09
283 -5.98316e-09
284 -5.98316e-09
285 -5.98316e-09
286 -5.98316e-09
287 -5.98316e-09
288 -5.98316e-09
289 -5.98316e-09
290 -5.98316e-09
291 -5.98316e-09
292 -5.98316e-09
293 -5.98316e-09
294 -5.98316e-09
295 -5.98316e-09
296 -5.98316e-09
297 -5.98316e-09
298 -5.98316e-09
299 -5.98316e-09
300 -5.98316e-09
301 -5.98316e-09
302 -5.98316e-09
303 -5.98316e-09
304 -5.98316e-09
305 -5.98316e-09
306 -5.98316e-09
307 -5.98316e-09
308 -5.98316e-09
309 -5.98316e-09
310 -5.98316e-09
311 -5.98316e-09
312 -5.98316e-09
313 -5.98316e-09
314 5.86103e-09
315 5.86103e-09
316 5.86103e-09
317 5.86103e-09
318 5.86103e-09
319 5.86103e-09
320 5.86103e-09
321 5.86103e-09
322 5.86103e-09
323 5.86103e-09
324 5.86103e-09
325 5.86103e-09
326 5.86103e-09
327 5.86103e-09
328 5.86103e-09
329 5.86103e-09
330 5.86103e-09
331 5.86103e-09
332 5.86103e-09
333 5.86103e-09
334 5.86103e-09
335 5.86103e-09
336 5.86103e-09
337 5.86103e-09
338 5.86103e-09
339 5.86103e-09
340 5.86103e-09
341 5.86103e-09
342 5.86103e-09
343 5.86103e-09
344 5.86103e-09
345 5.86103e-09
346 5.86103e-09
347 5.86103e-09
348 5.86103e-09
349 5.86103e-09
350 5.86103e-09
351 5.86103e-09
352 5.86103e-09
353 5.86103e-09
354 5.86103e-09
355 5.86103e-09
356 5.86103e-09
357 5.86103e-09
358 5.86103e-09
359 5.86103e-09
360 5.86103e-09
361 5.86103e-09
362 5.86103e-09
363 5.86103e-09
364 5.86103e-09
365 5.86103e-09
366 5.86103e-09
367 5.86103e-09
368 5.86103e-09
369 5.86103e-09
370 5.86103e-09
371 -7.58815e-09
372 -7.58815e-09
373 -7.58815e-09
374 -7.58815e-09
375 -7.58815e-09
376 -7.58815e-09
377 -7.58815e-09
378 -7.58815e-09
379 -7.58815e-09
380 -7.58815e-09
381 -7.58815e-09
382 -7.58815e-09
383 -7.58815e-09
384 -7.58815e-09
385 -7.58815e-09
386 -7.58815e-09
387 -7.58815e-09
388 -7.58815e-09
389 -7.58815e-09
390 -7.58815e-09
391 -7.58815e-09
392 -7.58815e-09
393 -7.58815e-09
394 -7.58815e-09
395 -7.58815e-09
396 -7.58815e-09
397 -7.58815e-09
398 -7.58815e-09
399 -7.58815e-09
400 -7.58815e-09
401 -7.58815e-09
402 -7.58815e-09
403 -7.58815e-09
404 -7.58815e-09
405 -7.58815e-09
406 -7.58815e-09
407 -7.58815e-09
408 -7.58815e-09
409 -7.58815e-09
410 -7.58815e-09
411 -7.58815e-09
412 -7.58815e-09
413 -7.58815e-09
414 -7.58815e-09
415 -7.58815e-09
416 -7.58815e-09
417 -7.58815e-09
418 -7.58815e-09
419 -7.58815e-09
420 -7.58815e-09
421 -7.58815e-09
422 -7.58815e-09
423 -7.58815e-09
424 -7.58815e-09
425 -7.58815e-09
426 -7.58815e-09
427 -7.58815e-09
428 1.02531e-08
429 1.02531e-08
430 1.02531e-08
431 1.02531e-08
432 1.02531e-08
433 1.02531e-08
434 1.02531e-08
435 1.02531e-08
436 1.02531e-08
437 1.02531e-08
438 1.02531e-08
439 1.02531e-08
440 1.02531e-08
441 1.02531e-08
442 1.02531e-08
443 1.02531e-08
444 1.02531e-08
445 1.02531e-08
446 1.02531e-08
447 1.02531e-08
448 1.02531e-08
449 1.02531e-08
450 1.02531e-08
451 1.02531e-08
452 1.02531e-08
453 1.02531e-08
454 1.02531e-08
455 1.02531e-08
456 1.02531e-08
457 1.02531e-08
458 1.02531e-08
459 1.02531e-08
460 1.02531e-08
461 1.02531e-08
462 1.02531e-08
463 1.02531e-08
464 1.02531e-08
465 1.02531e-08
466 1.02531e-08
467 1.02531e-08
468 1.02531e-08
469 1.02531e-08
470 1.02531e-08
471 1.02531e-08
472 1.02531e-08
473 1.02531e-08
474 1.02531e-08
475 1.02531e-08
476 1.02531e-08
477 1.02531e-08
478 1.02531e-08
479 1.02531e-08
480 1.02531e-08
481 1.02531e-08
482 1.02531e-08
483 1.02531e-08
484 1.02531e-08
485 1.02531e-08
486 -9.90955e-09
487 -9.90955e-09
488 -9.90955e-09
489 -9.90955e-09
490 -9.90955e-09
491 -9.90955e-09
492 -9.90955e-09
493 -9.90955e-09
494 -9.90955e-09
495 -9.90955e-09
496 -9.90955e-09
497 -9.90955e-09
498 -9.90955e-09
499 -9.90955e-09
500 -9.90955e-09
501 -9.90955e-09
502 -9.90955e-09
503 -9.90955e-09
504 -9.90955e-09
505 -9.90955e-09
506 -9.90955e-09
507 -9.90955e-09
508 -9.90955e-09
509 -9.90955e-09
510 -9.90955e-09
511 -9.90955e-09
512 -9.90955e-09
513 -9.90955e-09
514 -9.90955e-09
515 -9.90955e-09
516 -9.90955e-09
517 -9.90955e-09
518 -9.90955e-09
519 -9.90955e-09
520 -9.90955e-09
521 -9.90955e-09
522 -9.90955e-09
523 -9.90955e-09
524 -9.90955e-09
525 -9.90955e-09
526 -9.90955e-09
527 -9.90955e-09
528 -9.90955e-09
529 -9.90955e-09
530 -9.90955e-09
531 -9.90955e-09
532 -9.90955e-09
533 -9.90955e-09
534 -9.90955e-09
535 -9.90955e-09
536 -9.90955e-09
537 -9.90955e-09
538 -9.90955e-09
539 -9.90955e-09
540 -9.90955e-09
541 -9.90955e-09
542 -9.90955e-09
543 8.21801e-08
544 8.21801e-08
545 8.21801e-08
546 8.21801e-08
547 8.21801e-08
548 8.21801e-08
549 8.21801e-08
550 8.21801e-08
551 8.21801e-08
552 8.21801e-08
553 8.21801e-08
554 8.21801e-08
555 8.21801e-08
556 8.21801e-08
557 8.21801e-08
558 8.21801e-08
559 8.21801e-08
560 8.21801e-08
561 8.21801e-08
562 8.21801e-08
563 8.21801e-08
564 8.21801e-08
565 8.21801e-08
566 8.21801e-08
567 8.21801e-08
568 8.21801e-08
569 8.21801e-08
570 8.21801e-08
571 8.21801e-08
572 8.21801e-08
573 8.21801e-08
574 8.21801e-08
575 8.21801e-08
576 8.21801e-08
577 8.21801e-08
578 8.21801e-08
579 8.21801e-08
580 8.21801e-08
581 8.21801e-08
582 8.21801e-08
583 8.21801e-08
584 8.21801e-08
585 8.21801e-08
586 8.21801e-08
587 8.21801e-08
588 8.21801e-08
589 8.21801e-08
590 8.21801e-08
591 8.21801e-08
592 8.21801e-08
593 8.21801e-08
594 8.21801e-08
595 8.21801e-08
596 8.21802e-08
597 8.21802e-08
598 8.21804e-08
599 8.21804e-08
600 1.76626e-07
601 1.76626e-07
602 1.76629e-07
603 1.76629e-07
604 1.76636e-07
605 1.76636e-07
606 1.7665e-07
607 1.7665e-07
608 1.76677e-07
609 1.76677e-07
610 1.76731e-07
611 1.76731e-07
612 1.76834e-07
613 1.76834e-07
614 1.77026e-07
615 1.77026e-07
616 1.77374e-07
617 1.77374e-07
618 1.77994e-07
619 1.77994e-07
620 1.79073e-07
621 1.79073e-07
622 1.8091e-07
623 1.8091e-07
624 1.83969e-07
625 1.83969e-07
626 1.88957e-07
627 1.88957e-07
628 1.96917e-07
629 1.96917e-07
630 2.09356e-07
631 2.09356e-07
632 2.28397e-07
633 2.28397e-07
634 2.56955e-07
635 2.56955e-07
636 2.98938e-07
637 2.98938e-07
638 3.59459e-07
639 3.59459e-07
640 4.45041e-07
641 4.45041e-07
642 5.63806e-07
643 5.63806e-07
644 7.25627e-07
645 7.25627e-07
646 9.42213e-07
647 9.42213e-07
648 1.22712e-06
649 1.22712e-06
650 1.59567e-06
651 1.59567e-06
652 2.06477e-06
653 2.06477e-06
654 2.65264e-06
655 2.65264e-06
656 3.37845e-06
657 7.71655e-06
658 9.53002e-06
659 9.53002e-06
660 1.17012e-05
661 1.17012e-05
662 1.42687e-05
663 1.42687e-05
664 1.72694e-05
665 1.72694e-05
666 2.07384e-05
667 2.07384e-05
668 2.47077e-05
669 2.47077e-05
670 2.92064e-05
671 2.92064e-05
672 3.426e-05
673 3.426e-05
674 3.98904e-05
675 3.98904e-05
676 4.61154e-05
677 4.61154e-05
678 5.29489e-05
679 5.29489e-05
680 6.04005e-05
681 6.04005e-05
682 6.84754e-05
683 6.84754e-05
684 7.71746e-05
685 7.71746e-05
686 8.64943e-05
687 8.64943e-05
688 9.64257e-05
689 9.64257e-05
690 0.000106955
691 0.000106955
692 0.000118066
693 0.000118066
694 0.000129734
695 0.000129734
696 0.000141934
697 0.000141934
698 0.000154638
699 0.000154638
700 0.000167813
701 0.000167813
702 0.00018143
703 0.00018143
704 0.000195457
705 0.000195457
706 0.000209865
707 0.000209865
708 0.000224626
709 0.000224626
710 0.000239716
711 0.000239716
712 0.000255116
713 0.000255116
714 0.00027081
715 0.000534212
716 0.000565984
717 0.000565984
718 0.000598296
719 0.000598296
720 0.000631171
721 0.000631171
722 0.000664652
723 0.000664652
724 0.000698804
725 0.000698804
726 0.000733721
727 0.000733721
728 0.000769514
729 0.000769514
730 0.000806321
731 0.000806321
732 0.000844296
733 0.000844296
734 0.000883613
735 0.000883613
736 0.000924457
737 0.000924457
738 0.000967028
739 0.000967028
740 0.00101153
741 0.00101153
742 0.0010582
743 0.0010582
744 0.00110724
745 0.00110724
746 0.00115891
747 0.00115891
748 0.00121346
749 0.00121346
750 0.00127117
751 0.00127117
752 0.00133233
753 0.00133233
754 0.00139729
755 0.00139729
756 0.00146641
757 0.00146641
758 0.00154013
759 0.00154013
760 0.00161892
761 0.00161892
762 0.00170334
763 0.00170334
764 0.00179404
765 0.00179404
766 0.00189173
767 0.00189173
768 0.00199725
769 0.00199725
770 0.00211157
771 0.00211157
772 0.00398803
773 0.00398803
774 0.00422774
775 0.00422774
776 0.00448983
777 0.00448983
778 0.00477756
779 0.00477756
780 0.00509492
781 0.00509492
782 0.00544681
783 0.00544681
784 0.00583932
785 0.00583932
786 0.00628011
787 0.00628011
788 0.00677896
789 0.00677896
790 0.00734841
791 0.00734841
792 0.00800485
793 0.00800485
794 0.00876993
795 0.00876993
796 0.00967268
797 0.00967268
798 0.0107525
799 0.0107525
800 0.0120634
801 0.0120634
802 0.0136773
803 0.0136773
804 0.0156746
805 0.0156746
806 0.0181237
807 0.0181237
808 0.0210678
809 0.0210678
810 0.024526
811 0.024526
812 0.0285013
813 0.0285013
814 0.0329873
815 0.0329873
816 0.0379728
817 0.0379728
818 0.0434431
819 0.0434431
820 0.0493812
821 0.0493812
822 0.0557678
823 0.0557678
824 0.0625814
825 0.0625814
826 0.0697979
827 0.0697979
828 0.0773909
829 0.176452
830 0.196117
831 0.196117
832 0.21662
833 0.21662
834 0.237885
835 0.237885
836 0.259826
837 0.259826
838 0.282356
839 0.282356
840 0.305378
841 0.305378
842 0.328793
843 0.328793
844 0.352499
845 0.352499
846 0.376388
847 0.376388
848 0.400349
849 0.400349
850 0.424263
851 0.424263
852 0.447992
853 0.447992
854 0.471362
855 0.471362
856 0.494111
857 0.494111
858 0.515771
859 0.515771
860 0.535692
861 0.535692
862 0.553373
863 0.553373
864 0.568642
865 0.568642
866 0.581555
867 0.581555
868 0.592245
869 0.592245
870 0.600847
871 0.600847
872 0.607476
873 0.607476
874 0.612237
875 0.612237
876 0.615223
877 0.615223
878 0.616535
879 0.616535
880 0.61628
881 0.61628
882 0.614579
883 0.614579
884 0.611557
885 0.611557
886 0.607341
887 0.652894
888 0.653734
889 0.653734
890 0.653553
891 0.653553
892 0.652443
893 0.652443
894 0.650496
895 0.650496
896 0.647802
897 0.647802
898 0.644441
899 0.644441
900 0.640489
901 0.640489
902 0.636009
903 0.636009
904 0.631048
905 0.631048
906 0.625647
907 0.625647
908 0.619834
909 0.619834
910 0.613633
911 0.613633
912 0.607055
913 0.607055
914 0.600072
915 0.600072
916 0.59257
917 0.59257
918 0.584393
919 0.584393
920 0.575457
921 0.575457
922 0.565806
923 0.565806
924 0.555387
925 0.555387
926 0.544453
927 0.544453
928 0.533049
929 0.533049
930 0.520591
931 0.520591
932 0.50539
933 0.50539
934 0.487055
935 0.487055
936 0.461429
937 0.461429
938 0.454648
939 0.454648
940 0.446723
941 0.446723
942 0.443098
943 0.443098
944 0.489171
945 0.489171
946 0.488158
947 0.488158
948 0.488009
949 0.488009
950 0.489276
951 0.489276
952 0.492778
953 0.492778
954 0.497824
955 0.497824
956 0.501967
957 0.501967
958 0.505648
959 0.505648
960 0.508871
961 0.508871
962 0.510556
963 0.510556
964 0.511145
965 0.511145
966 0.511761
967 0.511761
968 0.511956
969 0.511956
970 0.511282
971 0.511282
972 0.510517
973 0.510517
974 0.509521
975 0.509521
976 0.50834
977 0.50834
978 0.506582
979 0.506582
980 0.503956
981 0.503956
982 0.501304
983 0.501304
984 0.49852
985 0.49852
986 0.495228
987 0.495228
988 0.492115
989 0.492115
990 0.489146
991 0.489146
992 0.485869
993 0.485869
994 0.482623
995 0.482623
996 0.47962
997 0.47962
998 0.477183
999 0.477183
1000 0.47615
1001 0
1002 0
1003 0
1004 0
1005 0
1006 0
1007 0
1008 0
1009 0
1010 0
1011 0
1012 0
1013 0
1014 0
1015 0
1016 0
1017 0
1018 0
1019 0
1020 0
1021 0
1022 0
1023 0
1024 0
1025 0
1026 0
1027 0
1028 0
1029 0
1030 0
1031 0
1032 0
1033 0
1034 0
1035 0
1036 0
1037 0
1038 0
1039 0
1040 0
1041 0
1042 0
1043 0
1044 0
1045 0
1046 0
1047 0
1048 0
1049 0
1050 0
1051 0
1052 0
1053 0
1054 0
1055 0
1056 0
1057 0
1058 0
1059 0
1060 0
1061 0
1062 0
1063 0
1064 0
1065 0
1066 0
1067 0
1068 0
1069 0
1070 0
1071 0
1072 0
1073 0
1074 0
1075 0
1076 0
1077 0
1078 0
1079 0
1080 0
1081 0
1082 0
1083 0
1084 0
1085 0
1086 0
1087 0
1088 0
1089 0
1090 0
1091 0
1092 0
1093 0
1094 0
1095 0
1096 0
1097 0
1098 0
1099 0
1100 0
1101 0
1102 0
1103 0
1104 0
1105 0
1106 0
1107 0
1108 0
1109 0
1110 0
1111 0
1112 0
1113 0
1114 0
1115 0
1116 0
1117 0
1118 0
1119 0
1120 0
1121 0
1122 0
1123 0
1124 0
1125 0
1126 0
1127 0
1128 0
1129 0
1130 0
1131 0
1132 0
1133 0
1134 0
1135 0
1136 0
1137 0
1138 0
1139 0
1140 0
1141 0
1142 0
1143 0
1144 0
1145 0
1146 0
1147 0
1148 0
1149 0
1150 0
1151 0
1152 0
1153 0
1154 0
1155 0
1156 0
1157 0
1158 0
1159 0
1160 0
1161 0
1162 0
1163 0
1164 0
1165 0
1166 0
1167 0
1168 0
1169 0
1170 0
1171 0
1172 0
1173 0
1174 0
1175 0
1176 0
1177 0
1178 0
1179 0
1180 0
1181 0
1182 0
1183 0
1184 0
1185 0
1186 0
1187 0
1188 0
1189 0
1190 0
1191 0
1192 0
1193 0
1194 0
1195 0
1196 0
1197 0
1198 0
1199 0
1200 0
1201 0
1202 0
1203 0
1204 0
1205 0
1206 0
1207 0
1208 0
1209 0
1210 0
1211 0
1212 0
1213 0
1214 0
1215 0
1216 0
1217 0
1218 0
1219 0
1220 0
1221 0
1222 0
1223 0
1224 0
1225 0
1226 0
1227 0
1228 0
1229 0
1230 0
1231 0
1232 0
1233 0
1234 0
1235 0
1236 0
1237 0
1238 0
1239 0
1240 0
1241 0
1242 0
1243 0
1244 0
1245 0
1246 0
1247 0
1248 0
1249 0
1250 0
1251 0
1252 0
1253 0
1254 0
1255 0
1256 0
1257 0
1258 0
1259 0
1260 0
1261 0
1262 0
1263 0
1264 0
1265 0
1266 0
1267 0
1268 0
1269 0
1270 0
1271 0
1272 0
1273 0
1274 0
1275 0
1276 0
1277 0
1278 0
1279 0
1280 0
1281 0
1282 0
1283 0
1284 0
1285 0
1286 0
1287 0
1288 0
1289 0
1290 0
1291 0
1292 0
1293 0
1294 0
1295 0
1296 0
1297 0
1298 0
1299 0
1300 0
1301 0
1302 0
1303 0
1304 0
1305 0
1306 0
1307 0
1308 0
1309 0
1310 0
1311 0
1312 0
1313 0
1314 0
1315 0
1316 0
1317 0
1318 0
1319 0
1320 0
1321 0
1322 0
1323 0
1324 0
1325 0
1326 0
1327 0
1328 0
1329 0
1330 0
1331 0
1332 0
1333 0
1334 0
1335 0
1336 0
1337 0
1338 0
1339 0
1340 0
1341 0
1342 0
1343 0
1344 0
1345 0
1346 0
1347 0
1348 0
1349 0
1350 0
1351 0
1352 0
1353 0
1354 0
1355 0
1356 0
1357 0
1358 0
1359 0
1360 0
1361 0
1362 0
1363 0
1364 0
1365 0
1366 0
1367 0
1368 0
1369 0
1370 0
1371 0
1372 0
1373 0
1374 0
1375 0
1376 0
1377 0
1378 0
1379 0
1380 0
1381 0
1382 0
1383 0
1384 0
1385 0
1386 0
1387 0
1388 0
1389 0
1390 0
1391 0
1392 0
1393 0
1394 0
1395 0
1396 0
1397 0
1398 0
1399 0
1400 0
1401 0
1402 0
1403 0
1404 0
1405 0
1406 0
1407 0
1408 0
1409 0
1410 0
1411 0
1412 0
1413 0
1414 0
1415 0
1416 0
1417 0
1418 0
1419 0
1420 0
1421 0
1422 0
1423 0
1424 0
1425 0
1426 0
1427 0
1428 0
1429 0
1430 0
1431 0
1432 0
1433 0
1434 0
1435 0
1436 0
1437 0
1438 0
1439 0
1440 0
1441 0
1442 0
1443 0
1444 0
1445 0
1446 0
1447 0
1448 0
1449 0
1450 0
1451 0
1452 0
1453 0
1454 0
1455 0
1456 0
1457 0
1458 0
1459 0
1460 0
1461 0
1462 0
1463 0
1464 0
1465 0
1466 0
1467 0
1468 0
1469 0
1470 0
1471 0
1472 0
1473 0
1474 0
1475 0
1476 0
1477 0
1478 0
1479 0
1480 0
1481 0
1482 0
1483 0
1484 0
1485 0
1486 0
1487 0
1488 0
1489 0
1490 0
1491 0
1492 0
1493 0
1494 0
1495 0
1496 0
1497 0
1498 0
1499 0
1500 0
1501 0
1502 0
1503 0
1504 0
1505 0
1506 0
1507 0
1508 0
1509 0
1510 0
1511 0
1512 0
1513 0
1514 0
1515 0
1516 0
1517 0
1518 0
1519 0
1520 0
1521 0
1522 0
1523 0
1524 0
1525 0
1526 0
1527 0
1528 0
1529 0
1530 0
1531 0
1532 0
1533 0
1534 0
1535 0
1536 0
1537 0
1538 0
1539 0
1540 0
1541 0
1542 0
1543 0
1544 0
1545 0
1546 0
1547 0
1548 0
1549 0
1550 0
1551 0
1552 0
1553 0
1554 0
1555 0
1556 0
1557 0
1558 0
1559 0
1560 0
1561 0
1562 0
1563 0
1564 0
1565 0
1566 0
1567 0
1568 0
1569 0
1570 0
1571 0
1572 0
1573 0
1574 0
1575 0
1576 0
1577 0
1578 0
1579 0
1580 0
1581 0
1582 0
1583 0
1584 0
1585 0
1586 0
1587 0
1588 0
1589 0
1590 0
1591 0
1592 0
1593 0
1594 0
1595 0
1596 0
1597 0
1598 0
1599 0
1600 0
1601 0
1602 0
1603 0
1604 0
1605 0
1606 0
1607 0
1608 0
1609 0
1610 0
1611 0
1612 0
1613 0
1614 0
1615 0
1616 0
1617 0
1618 0
1619 0
1620 0
1621 0
1622 0
1623 0
1624 0
1625 0
1626 0
1627 0
1628 0
1629 0
1630 0
1631 0
1632 0
1633 0
1634 0
1635 0
1636 0
1637 0
1638 0
1639 0
1640 0
1641 0
1642 0
1643 0
1644 0
1645 0
1646 0
1647 0
1648 0
1649 0
1650 0
1651 0
1652 0
1653 0
1654 0
1655 0
1656 0
1657 0
1658 0
1659 0
1660 0
1661 0
1662 0
1663 0
1664 0
1665 0
1666 0
1667 0
1668 0
1669 0
1670 0
1671 0
1672 0
1673 0
1674 0
1675 0
1676 0
1677 0
1678 0
1679 0
1680 0
1681 0
1682 0
1683 0
1684 0
1685 0
1686 0
1687 0
1688 0
1689 0
1690 0
1691 0
1692 0
1693 0
1694 0
1695 0
1696 0
1697 0
1698 0
1699 0
1700 0
1701 0
1702 0
1703 0
1704 0
1705 0
1706 0
1707 0
1708 0
1709 0
1710 0
1711 0
1712 0
1713 0
1714 0
1715 0
1716 0
1717 0
1718 0
1719 0
1720 0
1721 0
1722 0
1723 0
1724 0
1725 0
1726 0
1727 0
1728 0
1729 0
1730 0
1731 0
1732 0
1733 0
1734 0
1735 0
1736 0
1737 0
1738 0
1739 0
1740 0
1741 0
1742 0
1743 0
1744 0
1745 0
1746 0
1747 0
1748 0
1749 0
1750 0
1751 0
1752 0
1753 0
1754 0
1755 0
1756 0
1757 0
1758 0
1759 0
1760 0
1761 0
1762 0
1763 0
1764 0
1765 0
1766 0
1767 0
1768 0
1769 0
1770 0
1771 0
1772 0
1773 0
1774 0
1775 0
1776 0
1777 0
1778 0
1779 0
1780 0
1781 0
1782 0
1783 0
1784 0
1785 0
1786 0
1787 0
1788 0
1789 0
1790 0
1791 0
1792 0
1793 0
1794 0
1795 0
1796 0
1797 0
1798 0
1799 0
1800 0
1801 0
1802 0
1803 0
1804 0
1805 0
1806 0
1807 0
1808 0
1809 0
1810 0
1811 0
1812 0
1813 0
1814 0
1815 0
1816 0
1817 0
1818 0
1819 0
1820 0
1821 0
1822 0
1823 0
1824 0
1825 0
1826 0
1827 0
1828 0
1829 0
1830 0
1831 0
1832 0
1833 0
1834 0
1835 0
1836 0
1837 0
1838 0
1839 0
1840 0
1841 0
1842 0
1843 0
1844 0
1845 0
1846 0
1847 0
1848 0
1849 0
1850 0
1851 0
1852 0
1853 0
1854 0
1855 0
1856 0
1857 0
1858 0
1859 0
1860 0
1861 0
1862 0
1863 0
1864 0
1865 0
1866 0
1867 0
1868 0
1869 0
1870 0
1871 0
1872 0
1873 0
1874 0
1875 0
1876 0
1877 0
1878 0
1879 0
1880 0
1881 0
1882 0
1883 0
1884 0
1885 0
1886 0
1887 0
1888 0
1889 0
1890 0
1891 0
1892 0
1893 0
1894 0
1895 0
1896 0
1897 0
1898 0
1899 0
1900 0
1901 0
1902 0
1903 0
1904 0
1905 0
1906 0
1907 0
1908 0
1909 0
1910 0
1911 0
1912 0
1913 0
1914 0
1915 0
1916 0
1917 0
1918 0
1919 0
1920 0
1921 0
1922 0
1923 0
1924 0
1925 0
1926 0
1927 0
1928 0
1929 0
1930 0
1931 0
1932 0
1933 0
1934 0
1935 0
1936 0
1937 0
1938 0
1939 0
1940 0
1941 0
1942 0
1943 0
1944 0
1945 0
1946 0
1947 0
1948 0
1949 0
1950 0
1951 0
1952 0
1953 0
1954 0
1955 0
1956 0
1957 0
1958 0
1959 0
1960 0
1961 0
1962 0
1963 0
1964 0
1965 0
1966 0
1967 0
1968 0
1969 0
1970 0
1971 0
1972 0
1973 0
1974 0
1975 0
1976 0
1977 0
1978 0
1979 0
1980 0
1981 0
1982 0
1983 0
1984 0
1985 0
1986 0
1987 0
1988 0
1989 0
1990 0
1991 0
1992 0
1993 0
1994 0
1995 0
1996 0
1997 0
1998 0
1999 0
2000 0
