0 -5.68598e-09
1 -5.68598e-09
2 -5.68598e-09
3 -5.68598e-09
4 -5.68598e-09
5 -5.68598e-09
6 -5.68598e-09
7 -5.68598e-09
8 -5.68598e-09
9 -5.68598e-09
10 -5.68598e-09
11 -5.68598e-09
12 -5.68598e-09
13 -5.68598e-09
14 -5.68598e-09
15 -5.68598e-09
16 -5.68598e-09
17 -5.68598e-09
18 -5.68598e-09
19 -5.68598e-09
20 -5.68598e-09
21 -5.68598e-09
22 -5.68598e-09
23 -5.68598e-09
24 -5.68598e-09
25 -5.68598e-09
26 -5.68598e-09
27 -5.68598e-09
28 -5.68598e-09
29 -5.68598e-09
30 -5.68598e-09
31 -5.68598e-09
32 -5.68598e-09
33 -5.68598e-09
34 -5.68598e-09
35 -5.68598e-09
36 -5.68598e-09
37 -5.68598e-09
38 -5.68598e-09
39 -5.68598e-09
40 -5.68598e-09
41 -5.68598e-09
42 -5.68598e-09
43 -5.68598e-09
44 -5.68598e-09
45 -5.68598e-09
46 -5.68598e-09
47 -5.68598e-09
48 -5.68598e-09
49 -5.68598e-09
50 -5.68598e-09
51 -5.68598e-09
52 -5.68598e-09
53 -5.68598e-09
54 -5.68598e-09
55 -5.68598e-09
56 3.70392e-09
57 3.70392e-09
58 3.70392e-09
59 3.70392e-09
60 3.70392e-09
61 3.70392e-09
62 3.70392e-09
63 3.70392e-09
64 3.70392e-09
65 3.70392e-09
66 3.70392e-09
67 3.70392e-09
68 3.70392e-09
69 3.70392e-09
70 3.70392e-09
71 3.70392e-09
72 3.70392e-09
73 3.70392e-09
74 3.70392e-09
75 3.70392e-09
76 3.70392e-09
77 3.70392e-09
78 3.70392e-09
79 3.70392e-09
80 3.70392e-09
81 3.70392e-09
82 3.70392e-09
83 3.70392e-09
84 3.70392e-09
85 3.70392e-09
86 3.70392e-09
87 3.70392e-09
88 3.70392e-09
89 3.70392e-09
90 3.70392e-09
91 3.70392e-09
92 3.70392e-09
93 3.70392e-09
94 3.70392e-09
95 3.70392e-09
96 3.70392e-09
97 3.70392e-09
98 3.70392e-09
99 3.70392e-09
100 3.70392e-09
101 3.70392e-09
102 3.70392e-09
103 3.70392e-09
104 3.70392e-09
105 3.70392e-09
106 3.70392e-09
107 3.70392e-09
108 3.70392e-09
109 3.70392e-09
110 3.70392e-09
111 3.70392e-09
112 3.70392e-09
113 -5.67263e-09
114 -5.67263e-09
115 -5.67263e-09
116 -5.67263e-09
117 -5.67263e-09
118 -5.67263e-09
119 -5.67263e-09
120 -5.67263e-09
121 -5.67263e-09
122 -5.67263e-09
123 -5.67263e-09
124 -5.67263e-09
125 -5.67263e-09
126 -5.67263e-09
127 -5.67263e-09
128 -5.67263e-09
129 -5.67263e-09
130 -5.67263e-09
131 -5.67263e-09
132 -5.67263e-09
133 -5.67263e-09
134 -5.67263e-09
135 -5.67263e-09
136 -5.67263e-09
137 -5.67263e-09
138 -5.67263e-09
139 -5.67263e-09
140 -5.67263e-09
141 -5.67263e-09
142 -5.67263e-09
143 -5.67263e-09
144 -5.67263e-09
145 -5.67263e-09
146 -5.67263e-09
147 -5.67263e-09
148 -5.67263e-09
149 -5.67263e-09
150 -5.67263e-09
151 -5.67263e-09
152 -5.67263e-09
153 -5.67263e-09
154 -5.67263e-09
155 -5.67263e-09
156 -5.67263e-09
157 -5.67263e-09
158 -5.67263e-09
159 -5.67263e-09
160 -5.67263e-09
161 -5.67263e-09
162 -5.67263e-09
163 -5.67263e-09
164 -5.67263e-09
165 -5.67263e-09
166 -5.67263e-09
167 -5.67263e-09
168 -5.67263e-09
169 -5.67263e-09
170 -5.67263e-09
171 3.73749e-09
172 3.73749e-09
173 3.73749e-09
174 3.73749e-09
175 3.73749e-09
176 3.73749e-09
177 3.73749e-09
178 3.73749e-09
179 3.73749e-09
180 3.73749e-09
181 3.73749e-09
182 3.73749e-09
183 3.73749e-09
184 3.73749e-09
185 3.73749e-09
186 3.73749e-09
187 3.73749e-09
188 3.73749e-09
189 3.73749e-09
190 3.73749e-09
191 3.73749e-09
192 3.73749e-09
193 3.73749e-09
194 3.73749e-09
195 3.73749e-09
196 3.73749e-09
197 3.73749e-09
198 3.73749e-09
199 3.73749e-09
200 3.73749e-09
201 3.73749e-09
202 3.73749e-09
203 3.73749e-09
204 3.73749e-09
205 3.73749e-09
206 3.73749e-09
207 3.73749e-09
208 3.73749e-09
209 3.73749e-09
210 3.73749e-09
211 3.73749e-09
212 3.73749e-09
213 3.73749e-09
214 3.73749e-09
215 3.73749e-09
216 3.73749e-09
217 3.73749e-09
218 3.73749e-09
219 3.73749e-09
220 3.73749e-09
221 3.73749e-09
222 3.73749e-09
223 3.73749e-09
224 3.73749e-09
225 3.73749e-09
226 3.73749e-09
227 3.73749e-09
228 -5.54909e-09
229 -5.54909e-09
230 -5.54909e-09
231 -5.54909e-09
232 -5.54909e-09
233 -5.54909e-09
234 -5.54909e-09
235 -5.54909e-09
236 -5.54909e-09
237 -5.54909e-09
238 -5.54909e-09
239 -5.54909e-09
240 -5.54909e-09
241 -5.54909e-09
242 -5.54909e-09
243 -5.54909e-09
244 -5.54909e-09
245 -5.54909e-09
246 -5.54909e-09
247 -5.54909e-09
248 -5.54909e-09
249 -5.54909e-09
250 -5.54909e-09
251 -5.54909e-09
252 -5.54909e-09
253 -5.54909e-09
254 -5.54909e-09
255 -5.54909e-09
256 -5.54909e-09
257 -5.54909e-09
258 -5.54909e-09
259 -5.54909e-09
260 -5.54909e-09
261 -5.54909e-09
262 -5.54909e-09
263 -5.54909e-09
264 -5.54909e-09
265 -5.54909e-09
266 -5.54909e-09
267 -5.54909e-09
268 -5.54909e-09
269 -5.54909e-09
270 -5.54909e-09
271 -5.54909e-09
272 -5.54909e-09
273 -5.54909e-09
274 -5.54909e-09
275 -5.54909e-09
276 -5.54909e-09
277 -5.54909e-09
278 -5.54909e-09
279 -5.54909e-09
280 -5.54909e-09
281 -5.54909e-09
282 -5.54909e-09
283 -5.54909e-09
284 -5.54909e-09
285 3.99878e-09
286 3.99878e-09
287 3.99878e-09
288 3.99878e-09
289 3.99878e-09
290 3.99878e-09
291 3.99878e-09
292 3.99878e-09
293 3.99878e-09
294 3.99878e-09
295 3.99878e-09
296 3.99878e-09
297 3.99878e-09
298 3.99878e-09
299 3.99878e-09
300 3.99878e-09
301 3.99878e-09
302 3.99878e-09
303 3.99878e-09
304 3.99878e-09
305 3.99878e-09
306 3.99878e-09
307 3.99878e-09
308 3.99878e-09
309 3.99878e-09
310 3.99878e-09
311 3.99878e-09
312 3.99878e-09
313 3.99878e-09
314 3.99878e-09
315 3.99878e-09
316 3.99878e-09
317 3.99878e-09
318 3.99878e-09
319 3.99878e-09
320 3.99878e-09
321 3.99878e-09
322 3.99878e-09
323 3.99878e-09
324 3.99878e-09
325 3.99878e-09
326 3.99878e-09
327 3.99878e-09
328 3.99878e-09
329 3.99878e-09
330 3.99878e-09
331 3.99878e-09
332 3.99878e-09
333 3.99878e-09
334 3.99878e-09
335 3.99878e-09
336 3.99878e-09
337 3.99878e-09
338 3.99878e-09
339 3.99878e-09
340 3.99878e-09
341 3.99878e-09
342 -6.10847e-09
343 -6.10847e-09
344 -6.10847e-09
345 -6.10847e-09
346 -6.10847e-09
347 -6.10847e-09
348 -6.10847e-09
349 -6.10847e-09
350 -6.10847e-09
351 -6.10847e-09
352 -6.10847e-09
353 -6.10847e-09
354 -6.10847e-09
355 -6.10847e-09
356 -6.10847e-09
357 -6.10847e-09
358 -6.10847e-09
359 -6.10847e-09
360 -6.10847e-09
361 -6.10847e-09
362 -6.10847e-09
363 -6.10847e-09
364 -6.10847e-09
365 -6.10847e-09
366 -6.10847e-09
367 -6.10847e-09
368 -6.10847e-09
369 -6.10847e-09
370 -6.10847e-09
371 -6.10847e-09
372 -6.10847e-09
373 -6.10847e-09
374 -6.10847e-09
375 -6.10847e-09
376 -6.10847e-09
377 -6.10847e-09
378 -6.10847e-09
379 -6.10847e-09
380 -6.10847e-09
381 -6.10847e-09
382 -6.10847e-09
383 -6.10847e-09
384 -6.10847e-09
385 -6.10847e-09
386 -6.10847e-09
387 -6.10847e-09
388 -6.10847e-09
389 -6.10847e-09
390 -6.10847e-09
391 -6.10847e-09
392 -6.10847e-09
393 -6.10847e-09
394 -6.10847e-09
395 -6.10847e-09
396 -6.10847e-09
397 -6.10847e-09
398 -6.10847e-09
399 -6.10847e-09
400 8.26404e-09
401 8.26404e-09
402 8.26404e-09
403 8.26404e-09
404 8.26404e-09
405 8.26404e-09
406 8.26404e-09
407 8.26404e-09
408 8.26404e-09
409 8.26404e-09
410 8.26404e-09
411 8.26404e-09
412 8.26404e-09
413 8.26404e-09
414 8.26404e-09
415 8.26404e-09
416 8.26404e-09
417 8.26404e-09
418 8.26404e-09
419 8.26404e-09
420 8.26404e-09
421 8.26404e-09
422 8.26404e-09
423 8.26404e-09
424 8.26404e-09
425 8.26404e-09
426 8.26404e-09
427 8.26404e-09
428 8.26404e-09
429 8.26404e-09
430 8.26404e-09
431 8.26404e-09
432 8.26404e-09
433 8.26404e-09
434 8.26404e-09
435 8.26404e-09
436 8.26404e-09
437 8.26404e-09
438 8.26404e-09
439 8.26404e-09
440 8.26404e-09
441 8.26404e-09
442 8.26404e-09
443 8.26404e-09
444 8.26404e-09
445 8.26404e-09
446 8.26404e-09
447 8.26404e-09
448 8.26404e-09
449 8.26404e-09
450 8.26404e-09
451 8.26404e-09
452 8.26404e-09
453 8.26404e-09
454 8.26404e-09
455 8.26404e-09
456 8.26404e-09
457 -4.92634e-09
458 -4.92634e-09
459 -4.92634e-09
460 -4.92634e-09
461 -4.92634e-09
462 -4.92634e-09
463 -4.92634e-09
464 -4.92634e-09
465 -4.92634e-09
466 -4.92634e-09
467 -4.92634e-09
468 -4.92634e-09
469 -4.92634e-09
470 -4.92634e-09
471 -4.92634e-09
472 -4.92634e-09
473 -4.92634e-09
474 -4.92634e-09
475 -4.92634e-09
476 -4.92634e-09
477 -4.92634e-09
478 -4.92634e-09
479 -4.92634e-09
480 -4.92634e-09
481 -4.92634e-09
482 -4.92634e-09
483 -4.92634e-09
484 -4.92634e-09
485 -4.92634e-09
486 -4.92634e-09
487 -4.92634e-09
488 -4.92634e-09
489 -4.92634e-09
490 -4.92634e-09
491 -4.92634e-09
492 -4.92634e-09
493 -4.92634e-09
494 -4.92634e-09
495 -4.92634e-09
496 -4.92634e-09
497 -4.92634e-09
498 -4.92634e-09
499 -4.92634e-09
500 -4.92634e-09
501 -4.92634e-09
502 -4.92634e-09
503 -4.92634e-09
504 -4.92634e-09
505 -4.92634e-09
506 -4.92634e-09
507 -4.92634e-09
508 -4.92634e-09
509 -4.92634e-09
510 -4.92634e-09
511 -4.92634e-09
512 -4.92634e-09
513 -4.92634e-09
514 7.55583e-08
515 7.55583e-08
516 7.55583e-08
517 7.55583e-08
518 7.55583e-08
519 7.55583e-08
520 7.55583e-08
521 7.55583e-08
522 7.55583e-08
523 7.55583e-08
524 7.55583e-08
525 7.55583e-08
526 7.55583e-08
527 7.55583e-08
528 7.55583e-08
529 7.55583e-08
530 7.55584e-08
531 7.55584e-08
532 7.55584e-08
533 7.55584e-08
534 7.55586e-08
535 7.55586e-08
536 7.55589e-08
537 7.55589e-08
538 7.55595e-08
539 7.55595e-08
540 7.55607e-08
541 7.55607e-08
542 7.55632e-08
543 7.55632e-08
544 7.5568e-08
545 7.5568e-08
546 7.55772e-08
547 7.55772e-08
548 7.55945e-08
549 7.55945e-08
550 7.56261e-08
551 7.56261e-08
552 7.5683e-08
553 7.5683e-08
554 7.57833e-08
555 7.57833e-08
556 7.59566e-08
557 7.59566e-08
558 7.62505e-08
559 7.62505e-08
560 7.67394e-08
561 7.67394e-08
562 7.75376e-08
563 7.75376e-08
564 7.88168e-08
565 7.88168e-08
566 8.08296e-08
567 8.08296e-08
568 8.394e-08
569 8.394e-08
570 8.86613e-08
571 8.86613e-08
572 2.44271e-07
573 2.44271e-07
574 2.68047e-07
575 2.68047e-07
576 3.01866e-07
577 3.01866e-07
578 3.49192e-07
579 3.49192e-07
580 4.1437e-07
581 4.1437e-07
582 5.02737e-07
583 5.02737e-07
584 6.20718e-07
585 6.20718e-07
586 7.75893e-07
587 7.75893e-07
588 9.77019e-07
589 9.77019e-07
590 1.23401e-06
591 1.23401e-06
592 1.55789e-06
593 1.55789e-06
594 1.9606e-06
595 1.9606e-06
596 2.4549e-06
597 2.4549e-06
598 3.0541e-06
599 3.0541e-06
600 3.77176e-06
601 3.77176e-06
602 4.62149e-06
603 4.62149e-06
604 5.61656e-06
605 5.61656e-06
606 6.76965e-06
607 6.76965e-06
608 8.09253e-06
609 8.09253e-06
610 9.59584e-06
611 9.59584e-06
612 1.12888e-05
613 1.12888e-05
614 1.3179e-05
615 1.3179e-05
616 1.52723e-05
617 1.52723e-05
618 1.75726e-05
619 1.75726e-05
620 2.00818e-05
621 2.00818e-05
622 2.27997e-05
623 2.27997e-05
624 2.57242e-05
625 2.57242e-05
626 2.88508e-05
627 2.88508e-05
628 3.21734e-05
629 6.57369e-05
630 7.29308e-05
631 7.29308e-05
632 8.05241e-05
633 8.05241e-05
634 8.84999e-05
635 8.84999e-05
636 9.68388e-05
637 9.68388e-05
638 0.000105519
639 0.000105519
640 0.000114516
641 0.000114516
642 0.000123806
643 0.000123806
644 0.000133363
645 0.000133363
646 0.00014316
647 0.00014316
648 0.000153172
649 0.000153172
650 0.000163374
651 0.000163374
652 0.000173745
653 0.000173745
654 0.000184262
655 0.000184262
656 0.000194909
657 0.000194909
658 0.000205673
659 0.000205673
660 0.000216544
661 0.000216544
662 0.000227519
663 0.000227519
664 0.0002386
665 0.0002386
666 0.000249795
667 0.000249795
668 0.00026112
669 0.00026112
670 0.000272596
671 0.000272596
672 0.000284253
673 0.000284253
674 0.000296125
675 0.000296125
676 0.000308253
677 0.000308253
678 0.000320683
679 0.000320683
680 0.000333461
681 0.000333461
682 0.00034664
683 0.00034664
684 0.000360269
685 0.000360269
686 0.000741512
687 0.000741512
688 0.000770601
689 0.000770601
690 0.000800833
691 0.000800833
692 0.000832304
693 0.000832304
694 0.00086511
695 0.00086511
696 0.000899354
697 0.000899354
698 0.000935144
699 0.000935144
700 0.000972596
701 0.000972596
702 0.00101183
703 0.00101183
704 0.001053
705 0.001053
706 0.00109623
707 0.00109623
708 0.00114168
709 0.00114168
710 0.00118953
711 0.00118953
712 0.00123996
713 0.00123996
714 0.00129315
715 0.00129315
716 0.00134932
717 0.00134932
718 0.00140869
719 0.00140869
720 0.00147153
721 0.00147153
722 0.00153811
723 0.00153811
724 0.00160874
725 0.00160874
726 0.00168374
727 0.00168374
728 0.00176351
729 0.00176351
730 0.00184848
731 0.00184848
732 0.00193915
733 0.00193915
734 0.00203609
735 0.00203609
736 0.00213997
737 0.00213997
738 0.00225157
739 0.00225157
740 0.00237181
741 0.00237181
742 0.00250176
743 0.00445735
744 0.00470634
745 0.00470634
746 0.00497707
747 0.00497707
748 0.00527263
749 0.00527263
750 0.0055967
751 0.0055967
752 0.00595378
753 0.00595378
754 0.00634939
755 0.00634939
756 0.00679038
757 0.00679038
758 0.00728531
759 0.00728531
760 0.0078451
761 0.0078451
762 0.00848377
763 0.00848377
764 0.00921964
765 0.00921964
766 0.010077
767 0.010077
768 0.0110886
769 0.0110886
770 0.0122991
771 0.0122991
772 0.0137697
773 0.0137697
774 0.0155794
775 0.0155794
776 0.01781
777 0.01781
778 0.0205255
779 0.0205255
780 0.0237629
781 0.0237629
782 0.0275373
783 0.0275373
784 0.0318501
785 0.0318501
786 0.0366951
787 0.0366951
788 0.0420617
789 0.0420617
790 0.0479363
791 0.0479363
792 0.0543033
793 0.0543033
794 0.0611446
795 0.0611446
796 0.0684402
797 0.0684402
798 0.0761673
799 0.0761673
800 0.0843005
801 0.191608
802 0.21262
803 0.21262
804 0.234543
805 0.234543
806 0.2573
807 0.2573
808 0.280807
809 0.280807
810 0.304971
811 0.304971
812 0.329694
813 0.329694
814 0.354874
815 0.354874
816 0.380402
817 0.380402
818 0.406165
819 0.406165
820 0.432036
821 0.432036
822 0.457882
823 0.457882
824 0.483547
825 0.483547
826 0.508824
827 0.508824
828 0.533376
829 0.533376
830 0.556622
831 0.556622
832 0.577873
833 0.577873
834 0.596701
835 0.596701
836 0.613015
837 0.613015
838 0.626906
839 0.626906
840 0.638517
841 0.638517
842 0.647975
843 0.647975
844 0.655389
845 0.655389
846 0.660858
847 0.660858
848 0.66448
849 0.66448
850 0.666363
851 0.666363
852 0.66662
853 0.66662
854 0.665378
855 0.665378
856 0.662769
857 0.662769
858 0.710259
859 0.710259
860 0.711948
861 0.711948
862 0.7126
863 0.7126
864 0.712312
865 0.712312
866 0.711178
867 0.711178
868 0.709286
869 0.709286
870 0.706716
871 0.706716
872 0.703542
873 0.703542
874 0.69983
875 0.69983
876 0.695633
877 0.695633
878 0.690996
879 0.690996
880 0.685956
881 0.685956
882 0.680543
883 0.680543
884 0.674772
885 0.674772
886 0.668598
887 0.668598
888 0.661887
889 0.661887
890 0.654516
891 0.654516
892 0.646487
893 0.646487
894 0.637887
895 0.637887
896 0.628819
897 0.628819
898 0.619369
899 0.619369
900 0.609563
901 0.609563
902 0.599483
903 0.599483
904 0.589006
905 0.589006
906 0.578307
907 0.578307
908 0.566873
909 0.566873
910 0.555636
911 0.555636
912 0.541013
913 0.541013
914 0.523801
915 0.55083
916 0.540545
917 0.540545
918 0.53704
919 0.53704
920 0.532772
921 0.532772
922 0.536637
923 0.536637
924 0.536165
925 0.536165
926 0.534021
927 0.534021
928 0.533989
929 0.533989
930 0.537243
931 0.537243
932 0.541459
933 0.541459
934 0.545245
935 0.545245
936 0.5499
937 0.5499
938 0.553029
939 0.553029
940 0.554889
941 0.554889
942 0.556211
943 0.556211
944 0.556601
945 0.556601
946 0.555688
947 0.555688
948 0.554675
949 0.554675
950 0.552988
951 0.552988
952 0.550165
953 0.550165
954 0.547419
955 0.547419
956 0.543927
957 0.543927
958 0.540021
959 0.540021
960 0.536186
961 0.536186
962 0.531749
963 0.531749
964 0.526984
965 0.526984
966 0.522481
967 0.522481
968 0.517753
969 0.517753
970 0.512448
971 0.512448
972 0.529445
973 0.529445
974 0.525799
975 0.525799
976 0.521039
977 0.521039
978 0.514985
979 0.514985
980 0.507262
981 0.507262
982 0.498199
983 0.498199
984 0.488324
985 0.488324
986 0.481352
987 0.481352
988 0.474267
989 0.474267
990 0.469286
991 0.469286
992 0.464476
993 0.464476
994 0.461239
995 0.461239
996 0.459683
997 0.459683
998 0.458468
999 0.458468
1000 0.457933
1001 0
1002 0
1003 0
1004 0
1005 0
1006 0
1007 0
1008 0
1009 0
1010 0
1011 0
1012 0
1013 0
1014 0
1015 0
1016 0
1017 0
1018 0
1019 0
1020 0
1021 0
1022 0
1023 0
1024 0
1025 0
1026 0
1027 0
1028 0
1029 0
1030 0
1031 0
1032 0
1033 0
1034 0
1035 0
1036 0
1037 0
1038 0
1039 0
1040 0
1041 0
1042 0
1043 0
1044 0
1045 0
1046 0
1047 0
1048 0
1049 0
1050 0
1051 0
1052 0
1053 0
1054 0
1055 0
1056 0
1057 0
1058 0
1059 0
1060 0
1061 0
1062 0
1063 0
1064 0
1065 0
1066 0
1067 0
1068 0
1069 0
1070 0
1071 0
1072 0
1073 0
1074 0
1075 0
1076 0
1077 0
1078 0
1079 0
1080 0
1081 0
1082 0
1083 0
1084 0
1085 0
1086 0
1087 0
1088 0
1089 0
1090 0
1091 0
1092 0
1093 0
1094 0
1095 0
1096 0
1097 0
1098 0
1099 0
1100 0
1101 0
1102 0
1103 0
1104 0
1105 0
1106 0
1107 0
1108 0
1109 0
1110 0
1111 0
1112 0
1113 0
1114 0
1115 0
1116 0
1117 0
1118 0
1119 0
1120 0
1121 0
1122 0
1123 0
1124 0
1125 0
1126 0
1127 0
1128 0
1129 0
1130 0
1131 0
1132 0
1133 0
1134 0
1135 0
1136 0
1137 0
1138 0
1139 0
1140 0
1141 0
1142 0
1143 0
1144 0
1145 0
1146 0
1147 0
1148 0
1149 0
1150 0
1151 0
1152 0
1153 0
1154 0
1155 0
1156 0
1157 0
1158 0
1159 0
1160 0
1161 0
1162 0
1163 0
1164 0
1165 0
1166 0
1167 0
1168 0
1169 0
1170 0
1171 0
1172 0
1173 0
1174 0
1175 0
1176 0
1177 0
1178 0
1179 0
1180 0
1181 0
1182 0
1183 0
1184 0
1185 0
1186 0
1187 0
1188 0
1189 0
1190 0
1191 0
1192 0
1193 0
1194 0
1195 0
1196 0
1197 0
1198 0
1199 0
1200 0
1201 0
1202 0
1203 0
1204 0
1205 0
1206 0
1207 0
1208 0
1209 0
1210 0
1211 0
1212 0
1213 0
1214 0
1215 0
1216 0
1217 0
1218 0
1219 0
1220 0
1221 0
1222 0
1223 0
1224 0
1225 0
1226 0
1227 0
1228 0
1229 0
1230 0
1231 0
1232 0
1233 0
1234 0
1235 0
1236 0
1237 0
1238 0
1239 0
1240 0
1241 0
1242 0
1243 0
1244 0
1245 0
1246 0
1247 0
1248 0
1249 0
1250 0
1251 0
1252 0
1253 0
1254 0
1255 0
1256 0
1257 0
1258 0
1259 0
1260 0
1261 0
1262 0
1263 0
1264 0
1265 0
1266 0
1267 0
1268 0
1269 0
1270 0
1271 0
1272 0
1273 0
1274 0
1275 0
1276 0
1277 0
1278 0
1279 0
1280 0
1281 0
1282 0
1283 0
1284 0
1285 0
1286 0
1287 0
1288 0
1289 0
1290 0
1291 0
1292 0
1293 0
1294 0
1295 0
1296 0
1297 0
1298 0
1299 0
1300 0
1301 0
1302 0
1303 0
1304 0
1305 0
1306 0
1307 0
1308 0
1309 0
1310 0
1311 0
1312 0
1313 0
1314 0
1315 0
1316 0
1317 0
1318 0
1319 0
1320 0
1321 0
1322 0
1323 0
1324 0
1325 0
1326 0
1327 0
1328 0
1329 0
1330 0
1331 0
1332 0
1333 0
1334 0
1335 0
1336 0
1337 0
1338 0
1339 0
1340 0
1341 0
1342 0
1343 0
1344 0
1345 0
1346 0
1347 0
1348 0
1349 0
1350 0
1351 0
1352 0
1353 0
1354 0
1355 0
1356 0
1357 0
1358 0
1359 0
1360 0
1361 0
1362 0
1363 0
1364 0
1365 0
1366 0
1367 0
1368 0
1369 0
1370 0
1371 0
1372 0
1373 0
1374 0
1375 0
1376 0
1377 0
1378 0
1379 0
1380 0
1381 0
1382 0
1383 0
1384 0
1385 0
1386 0
1387 0
1388 0
1389 0
1390 0
1391 0
1392 0
1393 0
1394 0
1395 0
1396 0
1397 0
1398 0
1399 0
1400 0
1401 0
1402 0
1403 0
1404 0
1405 0
1406 0
1407 0
1408 0
1409 0
1410 0
1411 0
1412 0
1413 0
1414 0
1415 0
1416 0
1417 0
1418 0
1419 0
1420 0
1421 0
1422 0
1423 0
1424 0
1425 0
1426 0
1427 0
1428 0
1429 0
1430 0
1431 0
1432 0
1433 0
1434 0
1435 0
1436 0
1437 0
1438 0
1439 0
1440 0
1441 0
1442 0
1443 0
1444 0
1445 0
1446 0
1447 0
1448 0
1449 0
1450 0
1451 0
1452 0
1453 0
1454 0
1455 0
1456 0
1457 0
1458 0
1459 0
1460 0
1461 0
1462 0
1463 0
1464 0
1465 0
1466 0
1467 0
1468 0
1469 0
1470 0
1471 0
1472 0
1473 0
1474 0
1475 0
1476 0
1477 0
1478 0
1479 0
1480 0
1481 0
1482 0
1483 0
1484 0
1485 0
1486 0
1487 0
1488 0
1489 0
1490 0
1491 0
1492 0
1493 0
1494 0
1495 0
1496 0
1497 0
1498 0
1499 0
1500 0
1501 0
1502 0
1503 0
1504 0
1505 0
1506 0
1507 0
1508 0
1509 0
1510 0
1511 0
1512 0
1513 0
1514 0
1515 0
1516 0
1517 0
1518 0
1519 0
1520 0
1521 0
1522 0
1523 0
1524 0
1525 0
1526 0
1527 0
1528 0
1529 0
1530 0
1531 0
1532 0
1533 0
1534 0
1535 0
1536 0
1537 0
1538 0
1539 0
1540 0
1541 0
1542 0
1543 0
1544 0
1545 0
1546 0
1547 0
1548 0
1549 0
1550 0
1551 0
1552 0
1553 0
1554 0
1555 0
1556 0
1557 0
1558 0
1559 0
1560 0
1561 0
1562 0
1563 0
1564 0
1565 0
1566 0
1567 0
1568 0
1569 0
1570 0
1571 0
1572 0
1573 0
1574 0
1575 0
1576 0
1577 0
1578 0
1579 0
1580 0
1581 0
1582 0
1583 0
1584 0
1585 0
1586 0
1587 0
1588 0
1589 0
1590 0
1591 0
1592 0
1593 0
1594 0
1595 0
1596 0
1597 0
1598 0
1599 0
1600 0
1601 0
1602 0
1603 0
1604 0
1605 0
1606 0
1607 0
1608 0
1609 0
1610 0
1611 0
1612 0
1613 0
1614 0
1615 0
1616 0
1617 0
1618 0
1619 0
1620 0
1621 0
1622 0
1623 0
1624 0
1625 0
1626 0
1627 0
1628 0
1629 0
1630 0
1631 0
1632 0
1633 0
1634 0
1635 0
1636 0
1637 0
1638 0
1639 0
1640 0
1641 0
1642 0
1643 0
1644 0
1645 0
1646 0
1647 0
1648 0
1649 0
1650 0
1651 0
1652 0
1653 0
1654 0
1655 0
1656 0
1657 0
1658 0
1659 0
1660 0
1661 0
1662 0
1663 0
1664 0
1665 0
1666 0
1667 0
1668 0
1669 0
1670 0
1671 0
1672 0
1673 0
1674 0
1675 0
1676 0
1677 0
1678 0
1679 0
1680 0
1681 0
1682 0
1683 0
1684 0
1685 0
1686 0
1687 0
1688 0
1689 0
1690 0
1691 0
1692 0
1693 0
1694 0
1695 0
1696 0
1697 0
1698 0
1699 0
1700 0
1701 0
1702 0
1703 0
1704 0
1705 0
1706 0
1707 0
1708 0
1709 0
1710 0
1711 0
1712 0
1713 0
1714 0
1715 0
1716 0
1717 0
1718 0
1719 0
1720 0
1721 0
1722 0
1723 0
1724 0
1725 0
1726 0
1727 0
1728 0
1729 0
1730 0
1731 0
1732 0
1733 0
1734 0
1735 0
1736 0
1737 0
1738 0
1739 0
1740 0
1741 0
1742 0
1743 0
1744 0
1745 0
1746 0
1747 0
1748 0
1749 0
1750 0
1751 0
1752 0
1753 0
1754 0
1755 0
1756 0
1757 0
1758 0
1759 0
1760 0
1761 0
1762 0
1763 0
1764 0
1765 0
1766 0
1767 0
1768 0
1769 0
1770 0
1771 0
1772 0
1773 0
1774 0
1775 0
1776 0
1777 0
1778 0
1779 0
1780 0
1781 0
1782 0
1783 0
1784 0
1785 0
1786 0
1787 0
1788 0
1789 0
1790 0
1791 0
1792 0
1793 0
1794 0
1795 0
1796 0
1797 0
1798 0
1799 0
1800 0
1801 0
1802 0
1803 0
1804 0
1805 0
1806 0
1807 0
1808 0
1809 0
1810 0
1811 0
1812 0
1813 0
1814 0
1815 0
1816 0
1817 0
1818 0
1819 0
1820 0
1821 0
1822 0
1823 0
1824 0
1825 0
1826 0
1827 0
1828 0
1829 0
1830 0
1831 0
1832 0
1833 0
1834 0
1835 0
1836 0
1837 0
1838 0
1839 0
1840 0
1841 0
1842 0
1843 0
1844 0
1845 0
1846 0
1847 0
1848 0
1849 0
1850 0
1851 0
1852 0
1853 0
1854 0
1855 0
1856 0
1857 0
1858 0
1859 0
1860 0
1861 0
1862 0
1863 0
1864 0
1865 0
1866 0
1867 0
1868 0
1869 0
1870 0
1871 0
1872 0
1873 0
1874 0
1875 0
1876 0
1877 0
1878 0
1879 0
1880 0
1881 0
1882 0
1883 0
1884 0
1885 0
1886 0
1887 0
1888 0
1889 0
1890 0
1891 0
1892 0
1893 0
1894 0
1895 0
1896 0
1897 0
1898 0
1899 0
1900 0
1901 0
1902 0
1903 0
1904 0
1905 0
1906 0
1907 0
1908 0
1909 0
1910 0
1911 0
1912 0
1913 0
1914 0
1915 0
1916 0
1917 0
1918 0
1919 0
1920 0
1921 0
1922 0
1923 0
1924 0
1925 0
1926 0
1927 0
1928 0
1929 0
1930 0
1931 0
1932 0
1933 0
1934 0
1935 0
1936 0
1937 0
1938 0
1939 0
1940 0
1941 0
1942 0
1943 0
1944 0
1945 0
1946 0
1947 0
1948 0
1949 0
1950 0
1951 0
1952 0
1953 0
1954 0
1955 0
1956 0
1957 0
1958 0
1959 0
1960 0
1961 0
1962 0
1963 0
1964 0
1965 0
1966 0
1967 0
1968 0
1969 0
1970 0
1971 0
1972 0
1973 0
1974 0
1975 0
1976 0
1977 0
1978 0
1979 0
1980 0
1981 0
1982 0
1983 0
1984 0
1985 0
1986 0
1987 0
1988 0
1989 0
1990 0
1991 0
1992 0
1993 0
1994 0
1995 0
1996 0
1997 0
1998 0
1999 0
2000 0
