0 1.17087e-06
1 1.17087e-06
2 1.17087e-06
3 1.17087e-06
4 1.17087e-06
5 1.17087e-06
6 1.17087e-06
7 1.17087e-06
8 1.17087e-06
9 1.17087e-06
10 1.17087e-06
11 1.17087e-06
12 1.17087e-06
13 1.17087e-06
14 1.17087e-06
15 1.17087e-06
16 1.17087e-06
17 1.17087e-06
18 1.17087e-06
19 1.17087e-06
20 1.17087e-06
21 1.17087e-06
22 1.17087e-06
23 1.17087e-06
24 1.17087e-06
25 1.17087e-06
26 1.17087e-06
27 1.17087e-06
28 1.17087e-06
29 1.17087e-06
30 1.17087e-06
31 1.17087e-06
32 1.17087e-06
33 1.17087e-06
34 1.17087e-06
35 1.17087e-06
36 1.17087e-06
37 1.17087e-06
38 1.17087e-06
39 1.17087e-06
40 1.17087e-06
41 1.17087e-06
42 1.17087e-06
43 1.17087e-06
44 1.17087e-06
45 1.17087e-06
46 1.17087e-06
47 1.17087e-06
48 1.17087e-06
49 1.17087e-06
50 1.17087e-06
51 1.17087e-06
52 1.17087e-06
53 1.17087e-06
54 1.17087e-06
55 1.17087e-06
56 3.85785e-07
57 3.85785e-07
58 3.85785e-07
59 3.85785e-07
60 3.85785e-07
61 3.85785e-07
62 3.85785e-07
63 3.85785e-07
64 3.85785e-07
65 3.85785e-07
66 3.85785e-07
67 3.85785e-07
68 3.85785e-07
69 3.85785e-07
70 3.85785e-07
71 3.85785e-07
72 3.85785e-07
73 3.85785e-07
74 3.85785e-07
75 3.85785e-07
76 3.85785e-07
77 3.85785e-07
78 3.85785e-07
79 3.85785e-07
80 3.85785e-07
81 3.85785e-07
82 3.85785e-07
83 3.85785e-07
84 3.85785e-07
85 3.85785e-07
86 3.85785e-07
87 3.85785e-07
88 3.85785e-07
89 3.85785e-07
90 3.85785e-07
91 3.85785e-07
92 3.85785e-07
93 3.85785e-07
94 3.85785e-07
95 3.85785e-07
96 3.85785e-07
97 3.85785e-07
98 3.85785e-07
99 3.85785e-07
100 3.85785e-07
101 3.85785e-07
102 3.85785e-07
103 3.85785e-07
104 3.85785e-07
105 3.85785e-07
106 3.85785e-07
107 3.85785e-07
108 3.85785e-07
109 3.85785e-07
110 3.85785e-07
111 3.85785e-07
112 3.85785e-07
113 -3.91052e-07
114 -3.91052e-07
115 -3.91052e-07
116 -3.91052e-07
117 -3.91052e-07
118 -3.91052e-07
119 -3.91052e-07
120 -3.91052e-07
121 -3.91052e-07
122 -3.91052e-07
123 -3.91052e-07
124 -3.91052e-07
125 -3.91052e-07
126 -3.91052e-07
127 -3.91052e-07
128 -3.91052e-07
129 -3.91052e-07
130 -3.91052e-07
131 -3.91052e-07
132 -3.91052e-07
133 -3.91052e-07
134 -3.91052e-07
135 -3.91052e-07
136 -3.91052e-07
137 -3.91052e-07
138 -3.91052e-07
139 -3.91052e-07
140 -3.91052e-07
141 -3.91052e-07
142 -3.91052e-07
143 -3.91052e-07
144 -3.91052e-07
145 -3.91052e-07
146 -3.91052e-07
147 -3.91052e-07
148 -3.91052e-07
149 -3.91052e-07
150 -3.91052e-07
151 -3.91052e-07
152 -3.91052e-07
153 -3.91052e-07
154 -3.91052e-07
155 -3.91052e-07
156 -3.91052e-07
157 -3.91052e-07
158 -3.91052e-07
159 -3.91052e-07
160 -3.91052e-07
161 -3.91052e-07
162 -3.91052e-07
163 -3.91052e-07
164 -3.91052e-07
165 -3.91052e-07
166 -3.91052e-07
167 -3.91052e-07
168 -3.91052e-07
169 -3.91052e-07
170 -3.91052e-07
171 -9.92163e-07
172 -9.92163e-07
173 -9.92163e-07
174 -9.92163e-07
175 -9.92163e-07
176 -9.92163e-07
177 -9.92163e-07
178 -9.92163e-07
179 -9.92163e-07
180 -9.92163e-07
181 -9.92163e-07
182 -9.92163e-07
183 -9.92163e-07
184 -9.92163e-07
185 -9.92163e-07
186 -9.92163e-07
187 -9.92163e-07
188 -9.92163e-07
189 -9.92163e-07
190 -9.92163e-07
191 -9.92163e-07
192 -9.92163e-07
193 -9.92163e-07
194 -9.92163e-07
195 -9.92163e-07
196 -9.92163e-07
197 -9.92163e-07
198 -9.92163e-07
199 -9.92163e-07
200 -9.92163e-07
201 -9.92163e-07
202 -9.92163e-07
203 -9.92163e-07
204 -9.92163e-07
205 -9.92163e-07
206 -9.92163e-07
207 -9.92163e-07
208 -9.92163e-07
209 -9.92163e-07
210 -9.92163e-07
211 -9.92163e-07
212 -9.92163e-07
213 -9.92163e-07
214 -9.92163e-07
215 -9.92163e-07
216 -9.92163e-07
217 -9.92163e-07
218 -9.92163e-07
219 -9.92163e-07
220 -9.92163e-07
221 -9.92163e-07
222 -9.92163e-07
223 -9.92163e-07
224 -9.92163e-07
225 -9.92163e-07
226 -9.92163e-07
227 -9.92163e-07
228 -1.39995e-06
229 -1.39995e-06
230 -1.39995e-06
231 -1.39995e-06
232 -1.39995e-06
233 -1.39995e-06
234 -1.39995e-06
235 -1.39995e-06
236 -1.39995e-06
237 -1.39995e-06
238 -1.39995e-06
239 -1.39995e-06
240 -1.39995e-06
241 -1.39995e-06
242 -1.39995e-06
243 -1.39995e-06
244 -1.39995e-06
245 -1.39995e-06
246 -1.39995e-06
247 -1.39995e-06
248 -1.39995e-06
249 -1.39995e-06
250 -1.39995e-06
251 -1.39995e-06
252 -1.39995e-06
253 -1.39995e-06
254 -1.39995e-06
255 -1.39995e-06
256 -1.39995e-06
257 -1.39995e-06
258 -1.39995e-06
259 -1.39995e-06
260 -1.39995e-06
261 -1.39995e-06
262 -1.39995e-06
263 -1.39995e-06
264 -1.39995e-06
265 -1.39995e-06
266 -1.39995e-06
267 -1.39995e-06
268 -1.39995e-06
269 -1.39995e-06
270 -1.39995e-06
271 -1.39995e-06
272 -1.39995e-06
273 -1.39995e-06
274 -1.39995e-06
275 -1.39995e-06
276 -1.39995e-06
277 -1.39995e-06
278 -1.39995e-06
279 -1.39995e-06
280 -1.39995e-06
281 -1.39995e-06
282 -1.39995e-06
283 -1.39995e-06
284 -1.39995e-06
285 -1.50131e-06
286 -1.50131e-06
287 -1.50131e-06
288 -1.50131e-06
289 -1.50131e-06
290 -1.50131e-06
291 -1.50131e-06
292 -1.50131e-06
293 -1.50131e-06
294 -1.50131e-06
295 -1.50131e-06
296 -1.50131e-06
297 -1.50131e-06
298 -1.50131e-06
299 -1.50131e-06
300 -1.50131e-06
301 -1.50131e-06
302 -1.50131e-06
303 -1.50131e-06
304 -1.50131e-06
305 -1.50131e-06
306 -1.50131e-06
307 -1.50131e-06
308 -1.50131e-06
309 -1.50131e-06
310 -1.50131e-06
311 -1.50131e-06
312 -1.50131e-06
313 -1.50131e-06
314 -1.50131e-06
315 -1.50131e-06
316 -1.50131e-06
317 -1.50131e-06
318 -1.50131e-06
319 -1.50131e-06
320 -1.50131e-06
321 -1.50131e-06
322 -1.50131e-06
323 -1.50131e-06
324 -1.50131e-06
325 -1.50131e-06
326 -1.50131e-06
327 -1.50131e-06
328 -1.50131e-06
329 -1.50131e-06
330 -1.50131e-06
331 -1.50131e-06
332 -1.50131e-06
333 -1.50131e-06
334 -1.50131e-06
335 -1.50131e-06
336 -1.50131e-06
337 -1.50131e-06
338 -1.50131e-06
339 -1.50131e-06
340 -1.50131e-06
341 -1.50131e-06
342 -1.38827e-06
343 -1.38827e-06
344 -1.38827e-06
345 -1.38827e-06
346 -1.38827e-06
347 -1.38827e-06
348 -1.38827e-06
349 -1.38827e-06
350 -1.38827e-06
351 -1.38827e-06
352 -1.38827e-06
353 -1.38827e-06
354 -1.38827e-06
355 -1.38827e-06
356 -1.38827e-06
357 -1.38827e-06
358 -1.38827e-06
359 -1.38827e-06
360 -1.38827e-06
361 -1.38827e-06
362 -1.38827e-06
363 -1.38827e-06
364 -1.38827e-06
365 -1.38827e-06
366 -1.38827e-06
367 -1.38827e-06
368 -1.38827e-06
369 -1.38827e-06
370 -1.38827e-06
371 -1.38827e-06
372 -1.38827e-06
373 -1.38827e-06
374 -1.38827e-06
375 -1.38827e-06
376 -1.38827e-06
377 -1.38827e-06
378 -1.38827e-06
379 -1.38827e-06
380 -1.38827e-06
381 -1.38827e-06
382 -1.38827e-06
383 -1.38827e-06
384 -1.38827e-06
385 -1.38827e-06
386 -1.38827e-06
387 -1.38827e-06
388 -1.38827e-06
389 -1.38827e-06
390 -1.38827e-06
391 -1.38827e-06
392 -1.38827e-06
393 -1.38827e-06
394 -1.38827e-06
395 -1.38827e-06
396 -1.38827e-06
397 -1.38827e-06
398 -1.38827e-06
399 -1.38827e-06
400 -9.78137e-07
401 -9.78137e-07
402 -9.78137e-07
403 -9.78137e-07
404 -9.78137e-07
405 -9.78137e-07
406 -9.78137e-07
407 -9.78137e-07
408 -9.78137e-07
409 -9.78137e-07
410 -9.78137e-07
411 -9.78137e-07
412 -9.78137e-07
413 -9.78137e-07
414 -9.78137e-07
415 -9.78137e-07
416 -9.78137e-07
417 -9.78137e-07
418 -9.78137e-07
419 -9.78137e-07
420 -9.78137e-07
421 -9.78137e-07
422 -9.78137e-07
423 -9.78137e-07
424 -9.78137e-07
425 -9.78137e-07
426 -9.78137e-07
427 -9.78137e-07
428 -9.78137e-07
429 -9.78137e-07
430 -9.78137e-07
431 -9.78137e-07
432 -9.78137e-07
433 -9.78137e-07
434 -9.78137e-07
435 -9.78137e-07
436 -9.78137e-07
437 -9.78137e-07
438 -9.78137e-07
439 -9.78137e-07
440 -9.78137e-07
441 -9.78137e-07
442 -9.78137e-07
443 -9.78137e-07
444 -9.78137e-07
445 -9.78137e-07
446 -9.78137e-07
447 -9.78137e-07
448 -9.78137e-07
449 -9.78137e-07
450 -9.78137e-07
451 -9.78137e-07
452 -9.78137e-07
453 -9.78137e-07
454 -9.78137e-07
455 -9.78137e-07
456 -9.78137e-07
457 -4.22911e-07
458 -4.22911e-07
459 -4.22911e-07
460 -4.22911e-07
461 -4.22911e-07
462 -4.22911e-07
463 -4.22911e-07
464 -4.22911e-07
465 -4.22911e-07
466 -4.22911e-07
467 -4.22911e-07
468 -4.22911e-07
469 -4.22911e-07
470 -4.22911e-07
471 -4.22911e-07
472 -4.22911e-07
473 -4.22911e-07
474 -4.22911e-07
475 -4.22911e-07
476 -4.22911e-07
477 -4.22911e-07
478 -4.22911e-07
479 -4.22911e-07
480 -4.22911e-07
481 -4.22911e-07
482 -4.22911e-07
483 -4.22911e-07
484 -4.22911e-07
485 -4.22911e-07
486 -4.22911e-07
487 -4.22911e-07
488 -4.22911e-07
489 -4.22911e-07
490 -4.22911e-07
491 -4.22911e-07
492 -4.22911e-07
493 -4.22911e-07
494 -4.22911e-07
495 -4.22911e-07
496 -4.22911e-07
497 -4.22911e-07
498 -4.22911e-07
499 -4.22911e-07
500 -4.22911e-07
501 -4.22911e-07
502 -4.22911e-07
503 -4.22911e-07
504 -4.22911e-07
505 -4.22911e-07
506 -4.22911e-07
507 -4.22911e-07
508 -4.22911e-07
509 -4.22911e-07
510 -4.22911e-07
511 -4.22911e-07
512 -4.22911e-07
513 -4.22911e-07
514 4.4082e-07
515 4.4082e-07
516 4.4082e-07
517 4.4082e-07
518 4.4082e-07
519 4.4082e-07
520 4.4082e-07
521 4.4082e-07
522 4.4082e-07
523 4.4082e-07
524 4.4082e-07
525 4.4082e-07
526 4.4082e-07
527 4.4082e-07
528 4.4082e-07
529 4.4082e-07
530 4.4082e-07
531 4.4082e-07
532 4.4082e-07
533 4.4082e-07
534 4.4082e-07
535 4.4082e-07
536 4.4082e-07
537 4.4082e-07
538 4.4082e-07
539 4.4082e-07
540 4.4082e-07
541 4.4082e-07
542 4.4082e-07
543 4.4082e-07
544 4.4082e-07
545 4.4082e-07
546 4.4082e-07
547 4.4082e-07
548 4.4082e-07
549 4.4082e-07
550 4.4082e-07
551 4.4082e-07
552 4.4082e-07
553 4.4082e-07
554 4.4082e-07
555 4.4082e-07
556 4.4082e-07
557 4.4082e-07
558 4.4082e-07
559 4.4082e-07
560 4.4082e-07
561 4.4082e-07
562 4.4082e-07
563 4.4082e-07
564 4.4082e-07
565 4.4082e-07
566 4.4082e-07
567 4.4082e-07
568 4.4082e-07
569 4.4082e-07
570 4.4082e-07
571 4.4082e-07
572 1.39111e-06
573 1.39111e-06
574 1.39111e-06
575 1.39111e-06
576 1.39111e-06
577 1.39111e-06
578 1.39111e-06
579 1.39111e-06
580 1.39111e-06
581 1.39111e-06
582 1.39111e-06
583 1.39111e-06
584 1.39111e-06
585 1.39111e-06
586 1.39111e-06
587 1.39111e-06
588 1.39111e-06
589 1.39111e-06
590 1.39111e-06
591 1.39111e-06
592 1.39111e-06
593 1.39111e-06
594 1.39111e-06
595 1.39111e-06
596 1.39111e-06
597 1.39111e-06
598 1.39111e-06
599 1.39111e-06
600 1.39111e-06
601 1.39111e-06
602 1.39111e-06
603 1.39111e-06
604 1.39111e-06
605 1.39111e-06
606 1.39111e-06
607 1.39111e-06
608 1.39111e-06
609 1.39111e-06
610 1.39111e-06
611 1.39111e-06
612 1.39111e-06
613 1.39111e-06
614 1.39111e-06
615 1.39111e-06
616 1.39111e-06
617 1.39111e-06
618 1.39111e-06
619 1.39111e-06
620 1.39111e-06
621 1.39111e-06
622 1.39111e-06
623 1.39111e-06
624 1.39111e-06
625 1.39111e-06
626 1.39111e-06
627 1.39111e-06
628 1.39111e-06
629 2.83768e-06
630 2.83768e-06
631 2.83768e-06
632 2.83768e-06
633 2.83768e-06
634 2.83768e-06
635 2.83768e-06
636 2.83768e-06
637 2.83768e-06
638 2.83768e-06
639 2.83768e-06
640 2.83768e-06
641 2.83768e-06
642 2.83768e-06
643 2.83768e-06
644 2.83768e-06
645 2.83768e-06
646 2.83768e-06
647 2.83768e-06
648 2.83768e-06
649 2.83768e-06
650 2.83768e-06
651 2.83768e-06
652 2.83768e-06
653 2.83768e-06
654 2.83768e-06
655 2.83768e-06
656 2.83768e-06
657 2.83768e-06
658 2.83768e-06
659 2.83768e-06
660 2.83768e-06
661 2.83768e-06
662 2.83768e-06
663 2.83768e-06
664 2.83768e-06
665 2.83768e-06
666 2.83768e-06
667 2.83768e-06
668 2.83768e-06
669 2.83768e-06
670 2.83768e-06
671 2.83768e-06
672 2.83768e-06
673 2.83768e-06
674 2.83768e-06
675 2.83768e-06
676 2.83768e-06
677 2.83768e-06
678 2.83768e-06
679 2.83768e-06
680 2.83768e-06
681 2.83768e-06
682 2.83768e-06
683 2.83768e-06
684 2.83768e-06
685 2.83768e-06
686 3.98944e-06
687 3.98944e-06
688 3.98944e-06
689 3.98944e-06
690 3.98944e-06
691 3.98944e-06
692 3.98944e-06
693 3.98944e-06
694 3.98944e-06
695 3.98944e-06
696 3.98944e-06
697 3.98944e-06
698 3.98944e-06
699 3.98944e-06
700 3.98944e-06
701 3.98944e-06
702 3.98944e-06
703 3.98944e-06
704 3.98944e-06
705 3.98944e-06
706 3.98944e-06
707 3.98944e-06
708 3.98944e-06
709 3.98944e-06
710 3.98944e-06
711 3.98944e-06
712 3.98944e-06
713 3.98944e-06
714 3.98944e-06
715 3.98944e-06
716 3.98944e-06
717 3.98944e-06
718 3.98944e-06
719 3.98944e-06
720 3.98944e-06
721 3.98944e-06
722 3.98944e-06
723 3.98944e-06
724 3.98944e-06
725 3.98944e-06
726 3.98944e-06
727 3.98944e-06
728 3.98944e-06
729 3.98944e-06
730 3.98944e-06
731 3.98944e-06
732 3.98944e-06
733 3.98944e-06
734 3.98944e-06
735 3.98944e-06
736 3.98944e-06
737 3.98944e-06
738 3.98944e-06
739 3.98944e-06
740 3.98944e-06
741 3.98944e-06
742 3.98944e-06
743 6.98781e-06
744 6.98781e-06
745 6.98781e-06
746 6.98781e-06
747 6.98781e-06
748 6.98781e-06
749 6.98781e-06
750 6.98781e-06
751 6.98781e-06
752 6.98781e-06
753 6.98781e-06
754 6.98781e-06
755 6.98781e-06
756 6.98781e-06
757 6.98781e-06
758 6.98781e-06
759 6.98781e-06
760 6.98781e-06
761 6.98781e-06
762 6.98781e-06
763 6.98781e-06
764 6.98781e-06
765 6.98781e-06
766 6.98781e-06
767 6.98781e-06
768 6.98781e-06
769 6.98781e-06
770 6.98781e-06
771 6.98781e-06
772 6.98781e-06
773 6.98781e-06
774 6.98781e-06
775 6.98781e-06
776 6.98781e-06
777 6.98781e-06
778 6.98781e-06
779 6.98781e-06
780 6.98781e-06
781 6.98781e-06
782 6.98781e-06
783 6.98781e-06
784 6.98781e-06
785 6.98781e-06
786 6.98781e-06
787 6.98781e-06
788 6.98781e-06
789 6.98781e-06
790 6.98781e-06
791 6.98781e-06
792 6.98781e-06
793 6.98781e-06
794 6.98782e-06
795 6.98782e-06
796 6.98783e-06
797 6.98783e-06
798 6.98788e-06
799 6.98788e-06
800 6.98803e-06
801 9.03156e-06
802 9.03275e-06
803 9.03275e-06
804 9.03594e-06
805 9.03594e-06
806 9.04403e-06
807 9.04403e-06
808 9.0634e-06
809 9.0634e-06
810 9.10732e-06
811 9.10732e-06
812 9.20166e-06
813 9.20166e-06
814 9.39367e-06
815 9.39367e-06
816 9.76422e-06
817 9.76422e-06
818 1.04426e-05
819 1.04426e-05
820 1.16217e-05
821 1.16217e-05
822 1.3569e-05
823 1.3569e-05
824 1.66289e-05
825 1.66289e-05
826 2.12118e-05
827 2.12118e-05
828 2.77701e-05
829 2.77701e-05
830 3.67677e-05
831 3.67677e-05
832 4.86542e-05
833 4.86542e-05
834 6.38592e-05
835 6.38592e-05
836 8.28132e-05
837 8.28132e-05
838 0.000105991
839 0.000105991
840 0.000133961
841 0.000133961
842 0.0001674
843 0.0001674
844 0.000207068
845 0.000207068
846 0.000253715
847 0.000253715
848 0.000307974
849 0.000307974
850 0.000370262
851 0.000370262
852 0.000440766
853 0.000440766
854 0.000519535
855 0.000519535
856 0.000606677
857 0.000606677
858 0.00123706
859 0.00123706
860 0.00142593
861 0.00142593
862 0.00163551
863 0.00163551
864 0.00186951
865 0.00186951
866 0.00213256
867 0.00213256
868 0.00243009
869 0.00243009
870 0.00276817
871 0.00276817
872 0.00315347
873 0.00315347
874 0.0035935
875 0.0035935
876 0.00409721
877 0.00409721
878 0.00467612
879 0.00467612
880 0.00534598
881 0.00534598
882 0.00612924
883 0.00612924
884 0.00705825
885 0.00705825
886 0.00817952
887 0.00817952
888 0.00955558
889 0.00955558
890 0.0112551
891 0.0112551
892 0.0133341
893 0.0133341
894 0.0158245
895 0.0158245
896 0.0187367
897 0.0187367
898 0.0220666
899 0.0220666
900 0.0258023
901 0.0258023
902 0.029928
903 0.029928
904 0.0344256
905 0.0344256
906 0.0392743
907 0.0392743
908 0.04445
909 0.04445
910 0.0499249
911 0.0499249
912 0.0556673
913 0.0556673
914 0.0616428
915 0.145101
916 0.160751
917 0.160751
918 0.176857
919 0.176857
920 0.193329
921 0.193329
922 0.210077
923 0.210077
924 0.227009
925 0.227009
926 0.244033
927 0.244033
928 0.261057
929 0.261057
930 0.277989
931 0.277989
932 0.294738
933 0.294738
934 0.311219
935 0.311219
936 0.327348
937 0.327348
938 0.343044
939 0.343044
940 0.358208
941 0.358208
942 0.372689
943 0.372689
944 0.386187
945 0.386187
946 0.398281
947 0.398281
948 0.408672
949 0.408672
950 0.417297
951 0.417297
952 0.424234
953 0.424234
954 0.42961
955 0.42961
956 0.433543
957 0.433543
958 0.436141
959 0.436141
960 0.437505
961 0.437505
962 0.437734
963 0.437734
964 0.436931
965 0.436931
966 0.435197
967 0.435197
968 0.432638
969 0.432638
970 0.429358
971 0.429358
972 0.461811
973 0.461811
974 0.461961
975 0.461961
976 0.461626
977 0.461626
978 0.460887
979 0.460887
980 0.459829
981 0.459829
982 0.45854
983 0.45854
984 0.457094
985 0.457094
986 0.455554
987 0.455554
988 0.454032
989 0.454032
990 0.452604
991 0.452604
992 0.45118
993 0.45118
994 0.449975
995 0.449975
996 0.449464
997 0.449464
998 0.449323
999 0.449323
1000 0.44922
1001 0
1002 0
1003 0
1004 0
1005 0
1006 0
1007 0
1008 0
1009 0
1010 0
1011 0
1012 0
1013 0
1014 0
1015 0
1016 0
1017 0
1018 0
1019 0
1020 0
1021 0
1022 0
1023 0
1024 0
1025 0
1026 0
1027 0
1028 0
1029 0
1030 0
1031 0
1032 0
1033 0
1034 0
1035 0
1036 0
1037 0
1038 0
1039 0
1040 0
1041 0
1042 0
1043 0
1044 0
1045 0
1046 0
1047 0
1048 0
1049 0
1050 0
1051 0
1052 0
1053 0
1054 0
1055 0
1056 0
1057 0
1058 0
1059 0
1060 0
1061 0
1062 0
1063 0
1064 0
1065 0
1066 0
1067 0
1068 0
1069 0
1070 0
1071 0
1072 0
1073 0
1074 0
1075 0
1076 0
1077 0
1078 0
1079 0
1080 0
1081 0
1082 0
1083 0
1084 0
1085 0
1086 0
1087 0
1088 0
1089 0
1090 0
1091 0
1092 0
1093 0
1094 0
1095 0
1096 0
1097 0
1098 0
1099 0
1100 0
1101 0
1102 0
1103 0
1104 0
1105 0
1106 0
1107 0
1108 0
1109 0
1110 0
1111 0
1112 0
1113 0
1114 0
1115 0
1116 0
1117 0
1118 0
1119 0
1120 0
1121 0
1122 0
1123 0
1124 0
1125 0
1126 0
1127 0
1128 0
1129 0
1130 0
1131 0
1132 0
1133 0
1134 0
1135 0
1136 0
1137 0
1138 0
1139 0
1140 0
1141 0
1142 0
1143 0
1144 0
1145 0
1146 0
1147 0
1148 0
1149 0
1150 0
1151 0
1152 0
1153 0
1154 0
1155 0
1156 0
1157 0
1158 0
1159 0
1160 0
1161 0
1162 0
1163 0
1164 0
1165 0
1166 0
1167 0
1168 0
1169 0
1170 0
1171 0
1172 0
1173 0
1174 0
1175 0
1176 0
1177 0
1178 0
1179 0
1180 0
1181 0
1182 0
1183 0
1184 0
1185 0
1186 0
1187 0
1188 0
1189 0
1190 0
1191 0
1192 0
1193 0
1194 0
1195 0
1196 0
1197 0
1198 0
1199 0
1200 0
1201 0
1202 0
1203 0
1204 0
1205 0
1206 0
1207 0
1208 0
1209 0
1210 0
1211 0
1212 0
1213 0
1214 0
1215 0
1216 0
1217 0
1218 0
1219 0
1220 0
1221 0
1222 0
1223 0
1224 0
1225 0
1226 0
1227 0
1228 0
1229 0
1230 0
1231 0
1232 0
1233 0
1234 0
1235 0
1236 0
1237 0
1238 0
1239 0
1240 0
1241 0
1242 0
1243 0
1244 0
1245 0
1246 0
1247 0
1248 0
1249 0
1250 0
1251 0
1252 0
1253 0
1254 0
1255 0
1256 0
1257 0
1258 0
1259 0
1260 0
1261 0
1262 0
1263 0
1264 0
1265 0
1266 0
1267 0
1268 0
1269 0
1270 0
1271 0
1272 0
1273 0
1274 0
1275 0
1276 0
1277 0
1278 0
1279 0
1280 0
1281 0
1282 0
1283 0
1284 0
1285 0
1286 0
1287 0
1288 0
1289 0
1290 0
1291 0
1292 0
1293 0
1294 0
1295 0
1296 0
1297 0
1298 0
1299 0
1300 0
1301 0
1302 0
1303 0
1304 0
1305 0
1306 0
1307 0
1308 0
1309 0
1310 0
1311 0
1312 0
1313 0
1314 0
1315 0
1316 0
1317 0
1318 0
1319 0
1320 0
1321 0
1322 0
1323 0
1324 0
1325 0
1326 0
1327 0
1328 0
1329 0
1330 0
1331 0
1332 0
1333 0
1334 0
1335 0
1336 0
1337 0
1338 0
1339 0
1340 0
1341 0
1342 0
1343 0
1344 0
1345 0
1346 0
1347 0
1348 0
1349 0
1350 0
1351 0
1352 0
1353 0
1354 0
1355 0
1356 0
1357 0
1358 0
1359 0
1360 0
1361 0
1362 0
1363 0
1364 0
1365 0
1366 0
1367 0
1368 0
1369 0
1370 0
1371 0
1372 0
1373 0
1374 0
1375 0
1376 0
1377 0
1378 0
1379 0
1380 0
1381 0
1382 0
1383 0
1384 0
1385 0
1386 0
1387 0
1388 0
1389 0
1390 0
1391 0
1392 0
1393 0
1394 0
1395 0
1396 0
1397 0
1398 0
1399 0
1400 0
1401 0
1402 0
1403 0
1404 0
1405 0
1406 0
1407 0
1408 0
1409 0
1410 0
1411 0
1412 0
1413 0
1414 0
1415 0
1416 0
1417 0
1418 0
1419 0
1420 0
1421 0
1422 0
1423 0
1424 0
1425 0
1426 0
1427 0
1428 0
1429 0
1430 0
1431 0
1432 0
1433 0
1434 0
1435 0
1436 0
1437 0
1438 0
1439 0
1440 0
1441 0
1442 0
1443 0
1444 0
1445 0
1446 0
1447 0
1448 0
1449 0
1450 0
1451 0
1452 0
1453 0
1454 0
1455 0
1456 0
1457 0
1458 0
1459 0
1460 0
1461 0
1462 0
1463 0
1464 0
1465 0
1466 0
1467 0
1468 0
1469 0
1470 0
1471 0
1472 0
1473 0
1474 0
1475 0
1476 0
1477 0
1478 0
1479 0
1480 0
1481 0
1482 0
1483 0
1484 0
1485 0
1486 0
1487 0
1488 0
1489 0
1490 0
1491 0
1492 0
1493 0
1494 0
1495 0
1496 0
1497 0
1498 0
1499 0
1500 0
1501 0
1502 0
1503 0
1504 0
1505 0
1506 0
1507 0
1508 0
1509 0
1510 0
1511 0
1512 0
1513 0
1514 0
1515 0
1516 0
1517 0
1518 0
1519 0
1520 0
1521 0
1522 0
1523 0
1524 0
1525 0
1526 0
1527 0
1528 0
1529 0
1530 0
1531 0
1532 0
1533 0
1534 0
1535 0
1536 0
1537 0
1538 0
1539 0
1540 0
1541 0
1542 0
1543 0
1544 0
1545 0
1546 0
1547 0
1548 0
1549 0
1550 0
1551 0
1552 0
1553 0
1554 0
1555 0
1556 0
1557 0
1558 0
1559 0
1560 0
1561 0
1562 0
1563 0
1564 0
1565 0
1566 0
1567 0
1568 0
1569 0
1570 0
1571 0
1572 0
1573 0
1574 0
1575 0
1576 0
1577 0
1578 0
1579 0
1580 0
1581 0
1582 0
1583 0
1584 0
1585 0
1586 0
1587 0
1588 0
1589 0
1590 0
1591 0
1592 0
1593 0
1594 0
1595 0
1596 0
1597 0
1598 0
1599 0
1600 0
1601 0
1602 0
1603 0
1604 0
1605 0
1606 0
1607 0
1608 0
1609 0
1610 0
1611 0
1612 0
1613 0
1614 0
1615 0
1616 0
1617 0
1618 0
1619 0
1620 0
1621 0
1622 0
1623 0
1624 0
1625 0
1626 0
1627 0
1628 0
1629 0
1630 0
1631 0
1632 0
1633 0
1634 0
1635 0
1636 0
1637 0
1638 0
1639 0
1640 0
1641 0
1642 0
1643 0
1644 0
1645 0
1646 0
1647 0
1648 0
1649 0
1650 0
1651 0
1652 0
1653 0
1654 0
1655 0
1656 0
1657 0
1658 0
1659 0
1660 0
1661 0
1662 0
1663 0
1664 0
1665 0
1666 0
1667 0
1668 0
1669 0
1670 0
1671 0
1672 0
1673 0
1674 0
1675 0
1676 0
1677 0
1678 0
1679 0
1680 0
1681 0
1682 0
1683 0
1684 0
1685 0
1686 0
1687 0
1688 0
1689 0
1690 0
1691 0
1692 0
1693 0
1694 0
1695 0
1696 0
1697 0
1698 0
1699 0
1700 0
1701 0
1702 0
1703 0
1704 0
1705 0
1706 0
1707 0
1708 0
1709 0
1710 0
1711 0
1712 0
1713 0
1714 0
1715 0
1716 0
1717 0
1718 0
1719 0
1720 0
1721 0
1722 0
1723 0
1724 0
1725 0
1726 0
1727 0
1728 0
1729 0
1730 0
1731 0
1732 0
1733 0
1734 0
1735 0
1736 0
1737 0
1738 0
1739 0
1740 0
1741 0
1742 0
1743 0
1744 0
1745 0
1746 0
1747 0
1748 0
1749 0
1750 0
1751 0
1752 0
1753 0
1754 0
1755 0
1756 0
1757 0
1758 0
1759 0
1760 0
1761 0
1762 0
1763 0
1764 0
1765 0
1766 0
1767 0
1768 0
1769 0
1770 0
1771 0
1772 0
1773 0
1774 0
1775 0
1776 0
1777 0
1778 0
1779 0
1780 0
1781 0
1782 0
1783 0
1784 0
1785 0
1786 0
1787 0
1788 0
1789 0
1790 0
1791 0
1792 0
1793 0
1794 0
1795 0
1796 0
1797 0
1798 0
1799 0
1800 0
1801 0
1802 0
1803 0
1804 0
1805 0
1806 0
1807 0
1808 0
1809 0
1810 0
1811 0
1812 0
1813 0
1814 0
1815 0
1816 0
1817 0
1818 0
1819 0
1820 0
1821 0
1822 0
1823 0
1824 0
1825 0
1826 0
1827 0
1828 0
1829 0
1830 0
1831 0
1832 0
1833 0
1834 0
1835 0
1836 0
1837 0
1838 0
1839 0
1840 0
1841 0
1842 0
1843 0
1844 0
1845 0
1846 0
1847 0
1848 0
1849 0
1850 0
1851 0
1852 0
1853 0
1854 0
1855 0
1856 0
1857 0
1858 0
1859 0
1860 0
1861 0
1862 0
1863 0
1864 0
1865 0
1866 0
1867 0
1868 0
1869 0
1870 0
1871 0
1872 0
1873 0
1874 0
1875 0
1876 0
1877 0
1878 0
1879 0
1880 0
1881 0
1882 0
1883 0
1884 0
1885 0
1886 0
1887 0
1888 0
1889 0
1890 0
1891 0
1892 0
1893 0
1894 0
1895 0
1896 0
1897 0
1898 0
1899 0
1900 0
1901 0
1902 0
1903 0
1904 0
1905 0
1906 0
1907 0
1908 0
1909 0
1910 0
1911 0
1912 0
1913 0
1914 0
1915 0
1916 0
1917 0
1918 0
1919 0
1920 0
1921 0
1922 0
1923 0
1924 0
1925 0
1926 0
1927 0
1928 0
1929 0
1930 0
1931 0
1932 0
1933 0
1934 0
1935 0
1936 0
1937 0
1938 0
1939 0
1940 0
1941 0
1942 0
1943 0
1944 0
1945 0
1946 0
1947 0
1948 0
1949 0
1950 0
1951 0
1952 0
1953 0
1954 0
1955 0
1956 0
1957 0
1958 0
1959 0
1960 0
1961 0
1962 0
1963 0
1964 0
1965 0
1966 0
1967 0
1968 0
1969 0
1970 0
1971 0
1972 0
1973 0
1974 0
1975 0
1976 0
1977 0
1978 0
1979 0
1980 0
1981 0
1982 0
1983 0
1984 0
1985 0
1986 0
1987 0
1988 0
1989 0
1990 0
1991 0
1992 0
1993 0
1994 0
1995 0
1996 0
1997 0
1998 0
1999 0
2000 0
