0.000000 0.000000e+00  -0.000000e+00 -0.000000e+00
0.000020 4.301419e+02  6.356558e+01 2.576216e+01
0.000040 8.448567e+02  1.271312e+02 5.152432e+01
0.000060 1.116305e+03  1.906967e+02 7.728648e+01
0.000080 1.234453e+03  2.542623e+02 1.030486e+02
0.000100 1.354488e+03  3.178279e+02 1.288108e+02
0.000120 1.470186e+03  3.813935e+02 1.545730e+02
0.000140 1.590830e+03  4.449591e+02 1.803351e+02
0.000160 1.714742e+03  5.085246e+02 2.060973e+02
0.000180 1.837970e+03  5.720902e+02 2.318594e+02
0.000200 1.967793e+03  6.356558e+02 2.576216e+02
0.000220 2.090331e+03  6.992214e+02 2.833838e+02
0.000240 2.209190e+03  7.627870e+02 3.091459e+02
0.000260 2.320775e+03  8.263525e+02 3.349081e+02
0.000280 2.393160e+03  8.899181e+02 3.606702e+02
0.000300 2.462779e+03  9.534837e+02 3.864324e+02
0.000320 2.490085e+03  1.017049e+03 4.121946e+02
0.000340 2.513679e+03  1.080615e+03 4.379567e+02
0.000360 2.496037e+03  1.144180e+03 4.637189e+02
0.000380 2.478799e+03  1.207746e+03 4.894810e+02
0.000400 2.445479e+03  1.271312e+03 5.152432e+02
0.000420 2.393005e+03  1.334877e+03 5.410053e+02
0.000440 2.351042e+03  1.398443e+03 5.667675e+02
0.000460 2.302543e+03  1.462008e+03 5.925297e+02
0.000480 2.277718e+03  1.525574e+03 6.182918e+02
0.000500 2.255350e+03  1.589140e+03 6.440540e+02
0.000520 2.264196e+03  1.652705e+03 6.698161e+02
0.000540 2.296590e+03  1.716271e+03 6.955783e+02
0.000560 2.333020e+03  1.779836e+03 7.213405e+02
0.000580 2.405479e+03  1.843402e+03 7.471026e+02
0.000600 2.479324e+03  1.906967e+03 7.728648e+02
0.000620 2.583678e+03  1.970533e+03 7.986269e+02
0.000640 2.680933e+03  2.034099e+03 8.243891e+02
0.000660 2.798948e+03  2.097664e+03 8.501513e+02
0.000680 2.916127e+03  2.161230e+03 8.759134e+02
0.000700 3.016228e+03  2.224795e+03 9.016756e+02
0.000720 3.120827e+03  2.288361e+03 9.274377e+02
0.000740 3.202131e+03  2.351926e+03 9.531999e+02
0.000760 3.284146e+03  2.415492e+03 9.789621e+02
0.000780 3.338863e+03  2.479058e+03 1.004724e+03
0.000800 3.392967e+03  2.542623e+03 1.030486e+03
0.000820 3.436560e+03  2.606189e+03 1.056249e+03
0.000840 3.452831e+03  2.669754e+03 1.082011e+03
0.000860 3.476358e+03  2.733320e+03 1.107773e+03
0.000880 3.478265e+03  2.796886e+03 1.133535e+03
0.000900 3.494163e+03  2.860451e+03 1.159297e+03
0.000920 3.493260e+03  2.924017e+03 1.185059e+03
0.000940 3.511329e+03  2.987582e+03 1.210821e+03
0.000960 3.534133e+03  3.051148e+03 1.236584e+03
0.000980 3.549298e+03  3.114713e+03 1.262346e+03
0.001000 3.586556e+03  3.178279e+03 1.288108e+03
0.001020 3.624319e+03  3.241845e+03 1.313870e+03
0.001040 3.685477e+03  3.305410e+03 1.339632e+03
0.001060 3.734339e+03  3.368976e+03 1.365394e+03
0.001080 3.810568e+03  3.432541e+03 1.391157e+03
0.001100 3.889266e+03  3.496107e+03 1.416919e+03
0.001120 3.960734e+03  3.559673e+03 1.442681e+03
0.001140 4.051014e+03  3.623238e+03 1.468443e+03
0.001160 4.122816e+03  3.686804e+03 1.494205e+03
0.001180 4.214723e+03  3.750369e+03 1.519967e+03
0.001200 4.284317e+03  3.813935e+03 1.545730e+03
0.001220 4.371287e+03  3.877500e+03 1.571492e+03
0.001240 4.449735e+03  3.941066e+03 1.597254e+03
0.001260 4.512387e+03  4.004632e+03 1.623016e+03
0.001280 4.586395e+03  4.068197e+03 1.648778e+03
0.001300 4.633119e+03  4.131763e+03 1.674540e+03
0.001320 4.698191e+03  4.195328e+03 1.700303e+03
0.001340 4.751099e+03  4.258894e+03 1.726065e+03
0.001360 4.793197e+03  4.322459e+03 1.751827e+03
0.001380 4.841278e+03  4.386025e+03 1.777589e+03
0.001400 4.879472e+03  4.449591e+03 1.803351e+03
0.001420 4.932775e+03  4.513156e+03 1.829113e+03
0.001440 4.965005e+03  4.576722e+03 1.854875e+03
0.001460 5.021648e+03  4.640287e+03 1.880638e+03
0.001480 5.074383e+03  4.703853e+03 1.906400e+03
0.001500 5.120948e+03  4.767419e+03 1.932162e+03
0.001520 5.181967e+03  4.830984e+03 1.957924e+03
0.001540 5.235598e+03  4.894550e+03 1.983686e+03
0.001560 5.310017e+03  4.958115e+03 2.009448e+03
0.001580 5.364902e+03  5.021681e+03 2.035211e+03
0.001600 5.446513e+03  5.085246e+03 2.060973e+03
0.001620 5.522874e+03  5.148812e+03 2.086735e+03
0.001640 5.592389e+03  5.212378e+03 2.112497e+03
0.001660 5.672459e+03  5.275943e+03 2.138259e+03
0.001680 5.742852e+03  5.339509e+03 2.164021e+03
0.001700 5.828058e+03  5.403074e+03 2.189784e+03
0.001720 5.890999e+03  5.466640e+03 2.215546e+03
0.001740 5.974196e+03  5.530205e+03 2.241308e+03
0.001760 6.049505e+03  5.593771e+03 2.267070e+03
0.001780 6.112170e+03  5.657337e+03 2.292832e+03
0.001800 6.183942e+03  5.720902e+03 2.318594e+03
0.001820 6.241957e+03  5.784468e+03 2.344357e+03
0.001840 6.315886e+03  5.848033e+03 2.370119e+03
0.001860 6.363897e+03  5.911599e+03 2.395881e+03
0.001880 6.435937e+03  5.975165e+03 2.421643e+03
0.001900 6.498541e+03  6.038730e+03 2.447405e+03
0.001920 6.553408e+03  6.102296e+03 2.473167e+03
0.001940 6.617472e+03  6.165861e+03 2.498929e+03
0.001960 6.673397e+03  6.229427e+03 2.524692e+03
0.001980 6.746124e+03  6.292992e+03 2.550454e+03
0.002000 6.798187e+03  6.356558e+03 2.576216e+03
0.002020 6.875027e+03  6.420124e+03 2.601978e+03
0.002040 6.947331e+03  6.483689e+03 2.627740e+03
0.002060 7.011153e+03  6.547255e+03 2.653502e+03
0.002080 7.088192e+03  6.610820e+03 2.679265e+03
0.002100 7.154961e+03  6.674386e+03 2.705027e+03
0.002120 7.241004e+03  6.737952e+03 2.730789e+03
0.002140 7.303223e+03  6.801517e+03 2.756551e+03
0.002160 7.391386e+03  6.865083e+03 2.782313e+03
0.002180 7.470943e+03  6.928648e+03 2.808075e+03
0.002200 7.542112e+03  6.992214e+03 2.833838e+03
0.002220 7.622049e+03  7.055779e+03 2.859600e+03
0.002240 7.691690e+03  7.119345e+03 2.885362e+03
0.002260 7.776288e+03  7.182911e+03 2.911124e+03
0.002280 7.837182e+03  7.246476e+03 2.936886e+03
0.002300 7.920433e+03  7.310042e+03 2.962648e+03
0.002320 7.996045e+03  7.373607e+03 2.988410e+03
0.002340 8.060307e+03  7.437173e+03 3.014173e+03
0.002360 8.135360e+03  7.500738e+03 3.039935e+03
0.002380 8.198139e+03  7.564304e+03 3.065697e+03
0.002400 8.273074e+03  7.627870e+03 3.091459e+03
0.002420 8.308834e+03  7.691435e+03 3.117221e+03
0.002440 8.368433e+03  7.755001e+03 3.142983e+03
0.002460 8.425147e+03  7.818566e+03 3.168746e+03
0.002480 8.470211e+03  7.882132e+03 3.194508e+03
0.002500 8.524814e+03  7.945698e+03 3.220270e+03
0.002520 8.573207e+03  8.009263e+03 3.246032e+03
0.002540 8.632923e+03  8.072829e+03 3.271794e+03
0.002560 8.669412e+03  8.136394e+03 3.297556e+03
0.002580 8.734623e+03  8.199960e+03 3.323319e+03
0.002600 8.788079e+03  8.263525e+03 3.349081e+03
0.002620 8.831506e+03  8.327091e+03 3.374843e+03
0.002640 8.890342e+03  8.390657e+03 3.400605e+03
0.002660 8.932809e+03  8.454222e+03 3.426367e+03
0.002680 8.993862e+03  8.517788e+03 3.452129e+03
0.002700 9.033381e+03  8.581353e+03 3.477892e+03
0.002720 9.107033e+03  8.644919e+03 3.503654e+03
0.002740 9.163278e+03  8.708485e+03 3.529416e+03
0.002760 9.209812e+03  8.772050e+03 3.555178e+03
0.002780 9.268070e+03  8.835616e+03 3.580940e+03
0.002800 9.313883e+03  8.899181e+03 3.606702e+03
0.002820 9.377014e+03  8.962747e+03 3.632464e+03
0.002840 9.421885e+03  9.026312e+03 3.658227e+03
0.002860 9.499105e+03  9.089878e+03 3.683989e+03
0.002880 9.561862e+03  9.153444e+03 3.709751e+03
0.002900 9.613010e+03  9.217009e+03 3.735513e+03
0.002920 9.678590e+03  9.280575e+03 3.761275e+03
0.002940 9.729491e+03  9.344140e+03 3.787037e+03
0.002960 9.799831e+03  9.407706e+03 3.812800e+03
0.002980 9.848961e+03  9.471271e+03 3.838562e+03
0.003000 9.932102e+03  9.534837e+03 3.864324e+03
0.003020 1.000319e+04  9.598403e+03 3.890086e+03
0.003040 1.006393e+04  9.661968e+03 3.915848e+03
0.003060 1.013091e+04  9.725534e+03 3.941610e+03
0.003080 1.020180e+04  9.789099e+03 3.967373e+03
0.003100 1.027549e+04  9.852665e+03 3.993135e+03
0.003120 1.032884e+04  9.916231e+03 4.018897e+03
0.003140 1.040849e+04  9.979796e+03 4.044659e+03
0.003160 1.048321e+04  1.004336e+04 4.070421e+03
0.003180 1.054417e+04  1.010693e+04 4.096183e+03
0.003200 1.061026e+04  1.017049e+04 4.121946e+03
0.003220 1.067116e+04  1.023406e+04 4.147708e+03
0.003240 1.075396e+04  1.029762e+04 4.173470e+03
0.003260 1.080703e+04  1.036119e+04 4.199232e+03
0.003280 1.088807e+04  1.042476e+04 4.224994e+03
0.003300 1.095358e+04  1.048832e+04 4.250756e+03
0.003320 1.102688e+04  1.055189e+04 4.276518e+03
0.003340 1.110230e+04  1.061545e+04 4.302281e+03
0.003360 1.115945e+04  1.067902e+04 4.328043e+03
0.003380 1.123570e+04  1.074258e+04 4.353805e+03
0.003400 1.130350e+04  1.080615e+04 4.379567e+03
0.003420 1.138857e+04  1.086971e+04 4.405329e+03
0.003440 1.145951e+04  1.093328e+04 4.431091e+03
0.003460 1.152709e+04  1.099685e+04 4.456854e+03
0.003480 1.161784e+04  1.106041e+04 4.482616e+03
0.003500 1.167818e+04  1.112398e+04 4.508378e+03
0.003520 1.175966e+04  1.118754e+04 4.534140e+03
0.003540 1.183935e+04  1.125111e+04 4.559902e+03
0.003560 1.191933e+04  1.131467e+04 4.585664e+03
0.003580 1.200321e+04  1.137824e+04 4.611427e+03
0.003600 1.207746e+04  1.144180e+04 4.637189e+03
0.003620 1.215691e+04  1.150537e+04 4.662951e+03
0.003640 1.222172e+04  1.156894e+04 4.688713e+03
0.003660 1.231150e+04  1.163250e+04 4.714475e+03
0.003680 1.239526e+04  1.169607e+04 4.740237e+03
0.003700 1.246469e+04  1.175963e+04 4.765999e+03
0.003720 1.253972e+04  1.182320e+04 4.791762e+03
0.003740 1.261972e+04  1.188676e+04 4.817524e+03
0.003760 1.271457e+04  1.195033e+04 4.843286e+03
0.003780 1.278071e+04  1.201389e+04 4.869048e+03
0.003800 1.286164e+04  1.207746e+04 4.894810e+03
0.003820 1.294616e+04  1.214103e+04 4.920572e+03
0.003840 1.302669e+04  1.220459e+04 4.946335e+03
0.003860 1.311542e+04  1.226816e+04 4.972097e+03
0.003880 1.319114e+04  1.233172e+04 4.997859e+03
0.003900 1.327573e+04  1.239529e+04 5.023621e+03
0.003920 1.334247e+04  1.245885e+04 5.049383e+03
0.003940 1.343800e+04  1.252242e+04 5.075145e+03
0.003960 1.353621e+04  1.258598e+04 5.100908e+03
0.003980 1.361559e+04  1.264955e+04 5.126670e+03
0.004000 1.369184e+04  1.271312e+04 5.152432e+03
0.004020 1.377094e+04  1.277668e+04 5.178194e+03
0.004040 1.386683e+04  1.284025e+04 5.203956e+03
0.004060 1.394943e+04  1.290381e+04 5.229718e+03
0.004080 1.403928e+04  1.296738e+04 5.255481e+03
0.004100 1.412804e+04  1.303094e+04 5.281243e+03
