0 1.57829e-08
1 1.57829e-08
2 1.57829e-08
3 1.57829e-08
4 1.57829e-08
5 1.57829e-08
6 1.57829e-08
7 1.57829e-08
8 1.57829e-08
9 1.57829e-08
10 1.57829e-08
11 1.57829e-08
12 1.57829e-08
13 1.57829e-08
14 1.57829e-08
15 1.57829e-08
16 1.57829e-08
17 1.57829e-08
18 1.57829e-08
19 1.57829e-08
20 1.57829e-08
21 1.57829e-08
22 1.57829e-08
23 1.57829e-08
24 1.57829e-08
25 1.57829e-08
26 1.57829e-08
27 1.57829e-08
28 1.57829e-08
29 1.57829e-08
30 1.57829e-08
31 1.57829e-08
32 1.57829e-08
33 1.57829e-08
34 1.57829e-08
35 1.57829e-08
36 1.57829e-08
37 1.57829e-08
38 1.57829e-08
39 1.57829e-08
40 1.57829e-08
41 1.57829e-08
42 1.57829e-08
43 1.57829e-08
44 1.57829e-08
45 1.57829e-08
46 1.57829e-08
47 1.57829e-08
48 1.57829e-08
49 1.57829e-08
50 1.57829e-08
51 1.57829e-08
52 1.57829e-08
53 1.57829e-08
54 1.57829e-08
55 1.57829e-08
56 5.47586e-09
57 5.47586e-09
58 5.47586e-09
59 5.47586e-09
60 5.47586e-09
61 5.47586e-09
62 5.47586e-09
63 5.47586e-09
64 5.47586e-09
65 5.47586e-09
66 5.47586e-09
67 5.47586e-09
68 5.47586e-09
69 5.47586e-09
70 5.47586e-09
71 5.47586e-09
72 5.47586e-09
73 5.47586e-09
74 5.47586e-09
75 5.47586e-09
76 5.47586e-09
77 5.47586e-09
78 5.47586e-09
79 5.47586e-09
80 5.47586e-09
81 5.47586e-09
82 5.47586e-09
83 5.47586e-09
84 5.47586e-09
85 5.47586e-09
86 5.47586e-09
87 5.47586e-09
88 5.47586e-09
89 5.47586e-09
90 5.47586e-09
91 5.47586e-09
92 5.47586e-09
93 5.47586e-09
94 5.47586e-09
95 5.47586e-09
96 5.47586e-09
97 5.47586e-09
98 5.47586e-09
99 5.47586e-09
100 5.47586e-09
101 5.47586e-09
102 5.47586e-09
103 5.47586e-09
104 5.47586e-09
105 5.47586e-09
106 5.47586e-09
107 5.47586e-09
108 5.47586e-09
109 5.47586e-09
110 5.47586e-09
111 5.47586e-09
112 5.47586e-09
113 1.81081e-08
114 1.81081e-08
115 1.81081e-08
116 1.81081e-08
117 1.81081e-08
118 1.81081e-08
119 1.81081e-08
120 1.81081e-08
121 1.81081e-08
122 1.81081e-08
123 1.81081e-08
124 1.81081e-08
125 1.81081e-08
126 1.81081e-08
127 1.81081e-08
128 1.81081e-08
129 1.81081e-08
130 1.81081e-08
131 1.81081e-08
132 1.81081e-08
133 1.81081e-08
134 1.81081e-08
135 1.81081e-08
136 1.81081e-08
137 1.81081e-08
138 1.81081e-08
139 1.81081e-08
140 1.81081e-08
141 1.81081e-08
142 1.81081e-08
143 1.81081e-08
144 1.81081e-08
145 1.81081e-08
146 1.81081e-08
147 1.81081e-08
148 1.81081e-08
149 1.81081e-08
150 1.81081e-08
151 1.81081e-08
152 1.81081e-08
153 1.81081e-08
154 1.81081e-08
155 1.81081e-08
156 1.81081e-08
157 1.81081e-08
158 1.81081e-08
159 1.81081e-08
160 1.81081e-08
161 1.81081e-08
162 1.81081e-08
163 1.81081e-08
164 1.81081e-08
165 1.81081e-08
166 1.81081e-08
167 1.81081e-08
168 1.81081e-08
169 1.81081e-08
170 1.81081e-08
171 1.96821e-09
172 1.96821e-09
173 1.96821e-09
174 1.96821e-09
175 1.96821e-09
176 1.96821e-09
177 1.96821e-09
178 1.96821e-09
179 1.96821e-09
180 1.96821e-09
181 1.96821e-09
182 1.96821e-09
183 1.96821e-09
184 1.96821e-09
185 1.96821e-09
186 1.96821e-09
187 1.96821e-09
188 1.96821e-09
189 1.96821e-09
190 1.96821e-09
191 1.96821e-09
192 1.96821e-09
193 1.96821e-09
194 1.96821e-09
195 1.96821e-09
196 1.96821e-09
197 1.96821e-09
198 1.96821e-09
199 1.96821e-09
200 1.96821e-09
201 1.96821e-09
202 1.96821e-09
203 1.96821e-09
204 1.96821e-09
205 1.96821e-09
206 1.96821e-09
207 1.96821e-09
208 1.96821e-09
209 1.96821e-09
210 1.96821e-09
211 1.96821e-09
212 1.96821e-09
213 1.96821e-09
214 1.96821e-09
215 1.96821e-09
216 1.96821e-09
217 1.96821e-09
218 1.96821e-09
219 1.96821e-09
220 1.96821e-09
221 1.96821e-09
222 1.96821e-09
223 1.96821e-09
224 1.96821e-09
225 1.96821e-09
226 1.96821e-09
227 1.96821e-09
228 1.26988e-08
229 1.26988e-08
230 1.26988e-08
231 1.26988e-08
232 1.26988e-08
233 1.26988e-08
234 1.26988e-08
235 1.26988e-08
236 1.26988e-08
237 1.26988e-08
238 1.26988e-08
239 1.26988e-08
240 1.26988e-08
241 1.26988e-08
242 1.26988e-08
243 1.26988e-08
244 1.26988e-08
245 1.26988e-08
246 1.26988e-08
247 1.26988e-08
248 1.26988e-08
249 1.26988e-08
250 1.26988e-08
251 1.26988e-08
252 1.26988e-08
253 1.26988e-08
254 1.26988e-08
255 1.26988e-08
256 1.26988e-08
257 1.26988e-08
258 1.26988e-08
259 1.26988e-08
260 1.26988e-08
261 1.26988e-08
262 1.26988e-08
263 1.26988e-08
264 1.26988e-08
265 1.26988e-08
266 1.26988e-08
267 1.26988e-08
268 1.26988e-08
269 1.26988e-08
270 1.26988e-08
271 1.26988e-08
272 1.26988e-08
273 1.26988e-08
274 1.26988e-08
275 1.26988e-08
276 1.26988e-08
277 1.26988e-08
278 1.26988e-08
279 1.26988e-08
280 1.26988e-08
281 1.26988e-08
282 1.26988e-08
283 1.26988e-08
284 1.26988e-08
285 -6.71305e-09
286 -6.71305e-09
287 -6.71305e-09
288 -6.71305e-09
289 -6.71305e-09
290 -6.71305e-09
291 -6.71305e-09
292 -6.71305e-09
293 -6.71305e-09
294 -6.71305e-09
295 -6.71305e-09
296 -6.71305e-09
297 -6.71305e-09
298 -6.71305e-09
299 -6.71305e-09
300 -6.71305e-09
301 -6.71305e-09
302 -6.71305e-09
303 -6.71305e-09
304 -6.71305e-09
305 -6.71305e-09
306 -6.71305e-09
307 -6.71305e-09
308 -6.71305e-09
309 -6.71305e-09
310 -6.71305e-09
311 -6.71305e-09
312 -6.71305e-09
313 -6.71305e-09
314 -6.71305e-09
315 -6.71305e-09
316 -6.71305e-09
317 -6.71305e-09
318 -6.71305e-09
319 -6.71305e-09
320 -6.71305e-09
321 -6.71305e-09
322 -6.71305e-09
323 -6.71305e-09
324 -6.71305e-09
325 -6.71305e-09
326 -6.71305e-09
327 -6.71305e-09
328 -6.71305e-09
329 -6.71305e-09
330 -6.71305e-09
331 -6.71305e-09
332 -6.71305e-09
333 -6.71305e-09
334 -6.71305e-09
335 -6.71305e-09
336 -6.71305e-09
337 -6.71305e-09
338 -6.71305e-09
339 -6.71305e-09
340 -6.71305e-09
341 -6.71305e-09
342 4.58522e-09
343 4.58522e-09
344 4.58522e-09
345 4.58522e-09
346 4.58522e-09
347 4.58522e-09
348 4.58522e-09
349 4.58522e-09
350 4.58522e-09
351 4.58522e-09
352 4.58522e-09
353 4.58522e-09
354 4.58522e-09
355 4.58522e-09
356 4.58522e-09
357 4.58522e-09
358 4.58522e-09
359 4.58522e-09
360 4.58522e-09
361 4.58522e-09
362 4.58522e-09
363 4.58522e-09
364 4.58522e-09
365 4.58522e-09
366 4.58522e-09
367 4.58522e-09
368 4.58522e-09
369 4.58522e-09
370 4.58522e-09
371 4.58522e-09
372 4.58522e-09
373 4.58522e-09
374 4.58522e-09
375 4.58522e-09
376 4.58522e-09
377 4.58522e-09
378 4.58522e-09
379 4.58522e-09
380 4.58522e-09
381 4.58522e-09
382 4.58522e-09
383 4.58522e-09
384 4.58522e-09
385 4.58522e-09
386 4.58522e-09
387 4.58522e-09
388 4.58522e-09
389 4.58522e-09
390 4.58522e-09
391 4.58522e-09
392 4.58522e-09
393 4.58522e-09
394 4.58522e-09
395 4.58522e-09
396 4.58522e-09
397 4.58522e-09
398 4.58522e-09
399 4.58522e-09
400 -1.73732e-08
401 -1.73732e-08
402 -1.73732e-08
403 -1.73732e-08
404 -1.73732e-08
405 -1.73732e-08
406 -1.73732e-08
407 -1.73732e-08
408 -1.73732e-08
409 -1.73732e-08
410 -1.73732e-08
411 -1.73732e-08
412 -1.73732e-08
413 -1.73732e-08
414 -1.73732e-08
415 -1.73732e-08
416 -1.73732e-08
417 -1.73732e-08
418 -1.73732e-08
419 -1.73732e-08
420 -1.73732e-08
421 -1.73732e-08
422 -1.73732e-08
423 -1.73732e-08
424 -1.73732e-08
425 -1.73732e-08
426 -1.73732e-08
427 -1.73732e-08
428 -1.73732e-08
429 -1.73732e-08
430 -1.73732e-08
431 -1.73732e-08
432 -1.73732e-08
433 -1.73732e-08
434 -1.73732e-08
435 -1.73732e-08
436 -1.73732e-08
437 -1.73732e-08
438 -1.73732e-08
439 -1.73732e-08
440 -1.73732e-08
441 -1.73732e-08
442 -1.73732e-08
443 -1.73732e-08
444 -1.73732e-08
445 -1.73732e-08
446 -1.73732e-08
447 -1.73732e-08
448 -1.73732e-08
449 -1.73732e-08
450 -1.73732e-08
451 -1.73732e-08
452 -1.73732e-08
453 -1.73732e-08
454 -1.73732e-08
455 -1.73732e-08
456 -1.73732e-08
457 3.68703e-09
458 3.68703e-09
459 3.68703e-09
460 3.68703e-09
461 3.68703e-09
462 3.68703e-09
463 3.68703e-09
464 3.68703e-09
465 3.68703e-09
466 3.68703e-09
467 3.68703e-09
468 3.68703e-09
469 3.68703e-09
470 3.68703e-09
471 3.68703e-09
472 3.68703e-09
473 3.68703e-09
474 3.68703e-09
475 3.68703e-09
476 3.68703e-09
477 3.68703e-09
478 3.68703e-09
479 3.68703e-09
480 3.68703e-09
481 3.68703e-09
482 3.68703e-09
483 3.68703e-09
484 3.68703e-09
485 3.68703e-09
486 3.68703e-09
487 3.68703e-09
488 3.68703e-09
489 3.68703e-09
490 3.68703e-09
491 3.68703e-09
492 3.68703e-09
493 3.68703e-09
494 3.68703e-09
495 3.68703e-09
496 3.68703e-09
497 3.68703e-09
498 3.68703e-09
499 3.68703e-09
500 3.68703e-09
501 3.68703e-09
502 3.68703e-09
503 3.68703e-09
504 3.68703e-09
505 3.68703e-09
506 3.68703e-09
507 3.68703e-09
508 3.68703e-09
509 3.68703e-09
510 3.68703e-09
511 3.68703e-09
512 3.68703e-09
513 3.68703e-09
514 -2.82335e-08
515 -2.82335e-08
516 -2.82335e-08
517 -2.82335e-08
518 -2.82335e-08
519 -2.82335e-08
520 -2.82335e-08
521 -2.82335e-08
522 -2.82335e-08
523 -2.82335e-08
524 -2.82335e-08
525 -2.82335e-08
526 -2.82335e-08
527 -2.82335e-08
528 -2.82335e-08
529 -2.82335e-08
530 -2.82335e-08
531 -2.82335e-08
532 -2.82335e-08
533 -2.82335e-08
534 -2.82335e-08
535 -2.82335e-08
536 -2.82335e-08
537 -2.82335e-08
538 -2.82335e-08
539 -2.82335e-08
540 -2.82335e-08
541 -2.82335e-08
542 -2.82335e-08
543 -2.82335e-08
544 -2.82335e-08
545 -2.82335e-08
546 -2.82335e-08
547 -2.82335e-08
548 -2.82335e-08
549 -2.82335e-08
550 -2.82335e-08
551 -2.82335e-08
552 -2.82335e-08
553 -2.82335e-08
554 -2.82335e-08
555 -2.82335e-08
556 -2.82335e-08
557 -2.82335e-08
558 -2.82335e-08
559 -2.82335e-08
560 -2.82335e-08
561 -2.82335e-08
562 -2.82335e-08
563 -2.82335e-08
564 -2.82335e-08
565 -2.82335e-08
566 -2.82335e-08
567 -2.82335e-08
568 -2.82335e-08
569 -2.82335e-08
570 -2.82335e-08
571 -2.82335e-08
572 8.51664e-08
573 8.51664e-08
574 8.51664e-08
575 8.51664e-08
576 8.51664e-08
577 8.51664e-08
578 8.51664e-08
579 8.51664e-08
580 8.51664e-08
581 8.51664e-08
582 8.51664e-08
583 8.51664e-08
584 8.51664e-08
585 8.51664e-08
586 8.51664e-08
587 8.51664e-08
588 8.51664e-08
589 8.51664e-08
590 8.51664e-08
591 8.51664e-08
592 8.51664e-08
593 8.51664e-08
594 8.51664e-08
595 8.51664e-08
596 8.51664e-08
597 8.51664e-08
598 8.51664e-08
599 8.51664e-08
600 8.51664e-08
601 8.51664e-08
602 8.51664e-08
603 8.51664e-08
604 8.51664e-08
605 8.51664e-08
606 8.51664e-08
607 8.51664e-08
608 8.51664e-08
609 8.51664e-08
610 8.51664e-08
611 8.51664e-08
612 8.51664e-08
613 8.51664e-08
614 8.51664e-08
615 8.51664e-08
616 8.51664e-08
617 8.51664e-08
618 8.51664e-08
619 8.51664e-08
620 8.51664e-08
621 8.51664e-08
622 8.51664e-08
623 8.51664e-08
624 8.51664e-08
625 8.51664e-08
626 8.51664e-08
627 8.51664e-08
628 8.51664e-08
629 1.42484e-07
630 1.42484e-07
631 1.42484e-07
632 1.42484e-07
633 1.42484e-07
634 1.42484e-07
635 1.42484e-07
636 1.42484e-07
637 1.42484e-07
638 1.42484e-07
639 1.42484e-07
640 1.42484e-07
641 1.42484e-07
642 1.42484e-07
643 1.42484e-07
644 1.42484e-07
645 1.42484e-07
646 1.42484e-07
647 1.42484e-07
648 1.42484e-07
649 1.42484e-07
650 1.42484e-07
651 1.42484e-07
652 1.42484e-07
653 1.42484e-07
654 1.42484e-07
655 1.42484e-07
656 1.42484e-07
657 1.42484e-07
658 1.42484e-07
659 1.42484e-07
660 1.42485e-07
661 1.42485e-07
662 1.42485e-07
663 1.42485e-07
664 1.42487e-07
665 1.42487e-07
666 1.42492e-07
667 1.42492e-07
668 1.42502e-07
669 1.42502e-07
670 1.42524e-07
671 1.42524e-07
672 1.42571e-07
673 1.42571e-07
674 1.42672e-07
675 1.42672e-07
676 1.42876e-07
677 1.42876e-07
678 1.43279e-07
679 1.43279e-07
680 1.44054e-07
681 1.44054e-07
682 1.455e-07
683 1.455e-07
684 1.48122e-07
685 1.48122e-07
686 1.10353e-06
687 1.10353e-06
688 1.12198e-06
689 1.12198e-06
690 1.15242e-06
691 1.15242e-06
692 1.20134e-06
693 1.20134e-06
694 1.27799e-06
695 1.27799e-06
696 1.39513e-06
697 1.39513e-06
698 1.56982e-06
699 1.56982e-06
700 1.82421e-06
701 1.82421e-06
702 2.18618e-06
703 2.18618e-06
704 2.68983e-06
705 2.68983e-06
706 3.37561e-06
707 3.37561e-06
708 4.29012e-06
709 4.29012e-06
710 5.48557e-06
711 5.48557e-06
712 7.01876e-06
713 7.01876e-06
714 8.94977e-06
715 8.94977e-06
716 1.13405e-05
717 1.13405e-05
718 1.4253e-05
719 1.4253e-05
720 1.77482e-05
721 1.77482e-05
722 2.18842e-05
723 2.18842e-05
724 2.67159e-05
725 2.67159e-05
726 3.2294e-05
727 3.2294e-05
728 3.86653e-05
729 3.86653e-05
730 4.5872e-05
731 4.5872e-05
732 5.39522e-05
733 5.39522e-05
734 6.29396e-05
735 6.29396e-05
736 7.28633e-05
737 7.28633e-05
738 8.37471e-05
739 8.37471e-05
740 9.56097e-05
741 9.56097e-05
742 0.000108464
743 0.000211404
744 0.000238597
745 0.000238597
746 0.000267808
747 0.000267808
748 0.000299043
749 0.000299043
750 0.000332299
751 0.000332299
752 0.000367558
753 0.000367558
754 0.000404788
755 0.000404788
756 0.000443942
757 0.000443942
758 0.000484956
759 0.000484956
760 0.000527755
761 0.000527755
762 0.000572257
763 0.000572257
764 0.000618386
765 0.000618386
766 0.000666078
767 0.000666078
768 0.000715297
769 0.000715297
770 0.000766041
771 0.000766041
772 0.000818355
773 0.000818355
774 0.000872326
775 0.000872326
776 0.000928094
777 0.000928094
778 0.000985842
779 0.000985842
780 0.0010458
781 0.0010458
782 0.00110823
783 0.00110823
784 0.00117348
785 0.00117348
786 0.00124191
787 0.00124191
788 0.00131397
789 0.00131397
790 0.0013902
791 0.0013902
792 0.0014712
793 0.0014712
794 0.0015577
795 0.0015577
796 0.00165051
797 0.00165051
798 0.00175058
799 0.00175058
800 0.00185898
801 0.0033174
802 0.00352666
803 0.00352666
804 0.0037552
805 0.0037552
806 0.00400605
807 0.00400605
808 0.00428287
809 0.00428287
810 0.0045901
811 0.0045901
812 0.00493323
813 0.00493323
814 0.00531909
815 0.00531909
816 0.00575631
817 0.00575631
818 0.00625589
819 0.00625589
820 0.00683211
821 0.00683211
822 0.00750382
823 0.00750382
824 0.00829623
825 0.00829623
826 0.00924361
827 0.00924361
828 0.010393
829 0.010393
830 0.0118084
831 0.0118084
832 0.0135663
833 0.0135663
834 0.0157376
835 0.0157376
836 0.0183709
837 0.0183709
838 0.0214893
839 0.0214893
840 0.0250979
841 0.0250979
842 0.0291903
843 0.0291903
844 0.0337547
845 0.0337547
846 0.0387754
847 0.0387754
848 0.0442344
849 0.0442344
850 0.0501117
851 0.0501117
852 0.0563854
853 0.0563854
854 0.0630319
855 0.0630319
856 0.0700254
857 0.0700254
858 0.178879
859 0.178879
860 0.19786
861 0.19786
862 0.217536
863 0.217536
864 0.237828
865 0.237828
866 0.258651
867 0.258651
868 0.279916
869 0.279916
870 0.301529
871 0.301529
872 0.323393
873 0.323393
874 0.34541
875 0.34541
876 0.367477
877 0.367477
878 0.389487
879 0.389487
880 0.411321
881 0.411321
882 0.432835
883 0.432835
884 0.453829
885 0.453829
886 0.47395
887 0.47395
888 0.492631
889 0.492631
890 0.509336
891 0.509336
892 0.52382
893 0.52382
894 0.536094
895 0.536094
896 0.546274
897 0.546274
898 0.554488
899 0.554488
900 0.560841
901 0.560841
902 0.565418
903 0.565418
904 0.568302
905 0.568302
906 0.569578
907 0.569578
908 0.56934
909 0.56934
910 0.567697
911 0.567697
912 0.564765
913 0.564765
914 0.560665
915 0.601603
916 0.602065
917 0.602065
918 0.601526
919 0.601526
920 0.600064
921 0.600064
922 0.597752
923 0.597752
924 0.594658
925 0.594658
926 0.590838
927 0.590838
928 0.586342
929 0.586342
930 0.581209
931 0.581209
932 0.575476
933 0.575476
934 0.56917
935 0.56917
936 0.562313
937 0.562313
938 0.554898
939 0.554898
940 0.546884
941 0.546884
942 0.538199
943 0.538199
944 0.528694
945 0.528694
946 0.518259
947 0.518259
948 0.506432
949 0.506432
950 0.493266
951 0.493266
952 0.477696
953 0.477696
954 0.463332
955 0.463332
956 0.434947
957 0.434947
958 0.409259
959 0.409259
960 0.411695
961 0.411695
962 0.410595
963 0.410595
964 0.403998
965 0.403998
966 0.398867
967 0.398867
968 0.395853
969 0.395853
970 0.39448
971 0.39448
972 0.432875
973 0.432875
974 0.435238
975 0.435238
976 0.438867
977 0.438867
978 0.44262
979 0.44262
980 0.445665
981 0.445665
982 0.44846
983 0.44846
984 0.450812
985 0.450812
986 0.452473
987 0.452473
988 0.453862
989 0.453862
990 0.454572
991 0.454572
992 0.454992
993 0.454992
994 0.455776
995 0.455776
996 0.456167
997 0.456167
998 0.456419
999 0.456419
1000 0.456257
1001 0
1002 0
1003 0
1004 0
1005 0
1006 0
1007 0
1008 0
1009 0
1010 0
1011 0
1012 0
1013 0
1014 0
1015 0
1016 0
1017 0
1018 0
1019 0
1020 0
1021 0
1022 0
1023 0
1024 0
1025 0
1026 0
1027 0
1028 0
1029 0
1030 0
1031 0
1032 0
1033 0
1034 0
1035 0
1036 0
1037 0
1038 0
1039 0
1040 0
1041 0
1042 0
1043 0
1044 0
1045 0
1046 0
1047 0
1048 0
1049 0
1050 0
1051 0
1052 0
1053 0
1054 0
1055 0
1056 0
1057 0
1058 0
1059 0
1060 0
1061 0
1062 0
1063 0
1064 0
1065 0
1066 0
1067 0
1068 0
1069 0
1070 0
1071 0
1072 0
1073 0
1074 0
1075 0
1076 0
1077 0
1078 0
1079 0
1080 0
1081 0
1082 0
1083 0
1084 0
1085 0
1086 0
1087 0
1088 0
1089 0
1090 0
1091 0
1092 0
1093 0
1094 0
1095 0
1096 0
1097 0
1098 0
1099 0
1100 0
1101 0
1102 0
1103 0
1104 0
1105 0
1106 0
1107 0
1108 0
1109 0
1110 0
1111 0
1112 0
1113 0
1114 0
1115 0
1116 0
1117 0
1118 0
1119 0
1120 0
1121 0
1122 0
1123 0
1124 0
1125 0
1126 0
1127 0
1128 0
1129 0
1130 0
1131 0
1132 0
1133 0
1134 0
1135 0
1136 0
1137 0
1138 0
1139 0
1140 0
1141 0
1142 0
1143 0
1144 0
1145 0
1146 0
1147 0
1148 0
1149 0
1150 0
1151 0
1152 0
1153 0
1154 0
1155 0
1156 0
1157 0
1158 0
1159 0
1160 0
1161 0
1162 0
1163 0
1164 0
1165 0
1166 0
1167 0
1168 0
1169 0
1170 0
1171 0
1172 0
1173 0
1174 0
1175 0
1176 0
1177 0
1178 0
1179 0
1180 0
1181 0
1182 0
1183 0
1184 0
1185 0
1186 0
1187 0
1188 0
1189 0
1190 0
1191 0
1192 0
1193 0
1194 0
1195 0
1196 0
1197 0
1198 0
1199 0
1200 0
1201 0
1202 0
1203 0
1204 0
1205 0
1206 0
1207 0
1208 0
1209 0
1210 0
1211 0
1212 0
1213 0
1214 0
1215 0
1216 0
1217 0
1218 0
1219 0
1220 0
1221 0
1222 0
1223 0
1224 0
1225 0
1226 0
1227 0
1228 0
1229 0
1230 0
1231 0
1232 0
1233 0
1234 0
1235 0
1236 0
1237 0
1238 0
1239 0
1240 0
1241 0
1242 0
1243 0
1244 0
1245 0
1246 0
1247 0
1248 0
1249 0
1250 0
1251 0
1252 0
1253 0
1254 0
1255 0
1256 0
1257 0
1258 0
1259 0
1260 0
1261 0
1262 0
1263 0
1264 0
1265 0
1266 0
1267 0
1268 0
1269 0
1270 0
1271 0
1272 0
1273 0
1274 0
1275 0
1276 0
1277 0
1278 0
1279 0
1280 0
1281 0
1282 0
1283 0
1284 0
1285 0
1286 0
1287 0
1288 0
1289 0
1290 0
1291 0
1292 0
1293 0
1294 0
1295 0
1296 0
1297 0
1298 0
1299 0
1300 0
1301 0
1302 0
1303 0
1304 0
1305 0
1306 0
1307 0
1308 0
1309 0
1310 0
1311 0
1312 0
1313 0
1314 0
1315 0
1316 0
1317 0
1318 0
1319 0
1320 0
1321 0
1322 0
1323 0
1324 0
1325 0
1326 0
1327 0
1328 0
1329 0
1330 0
1331 0
1332 0
1333 0
1334 0
1335 0
1336 0
1337 0
1338 0
1339 0
1340 0
1341 0
1342 0
1343 0
1344 0
1345 0
1346 0
1347 0
1348 0
1349 0
1350 0
1351 0
1352 0
1353 0
1354 0
1355 0
1356 0
1357 0
1358 0
1359 0
1360 0
1361 0
1362 0
1363 0
1364 0
1365 0
1366 0
1367 0
1368 0
1369 0
1370 0
1371 0
1372 0
1373 0
1374 0
1375 0
1376 0
1377 0
1378 0
1379 0
1380 0
1381 0
1382 0
1383 0
1384 0
1385 0
1386 0
1387 0
1388 0
1389 0
1390 0
1391 0
1392 0
1393 0
1394 0
1395 0
1396 0
1397 0
1398 0
1399 0
1400 0
1401 0
1402 0
1403 0
1404 0
1405 0
1406 0
1407 0
1408 0
1409 0
1410 0
1411 0
1412 0
1413 0
1414 0
1415 0
1416 0
1417 0
1418 0
1419 0
1420 0
1421 0
1422 0
1423 0
1424 0
1425 0
1426 0
1427 0
1428 0
1429 0
1430 0
1431 0
1432 0
1433 0
1434 0
1435 0
1436 0
1437 0
1438 0
1439 0
1440 0
1441 0
1442 0
1443 0
1444 0
1445 0
1446 0
1447 0
1448 0
1449 0
1450 0
1451 0
1452 0
1453 0
1454 0
1455 0
1456 0
1457 0
1458 0
1459 0
1460 0
1461 0
1462 0
1463 0
1464 0
1465 0
1466 0
1467 0
1468 0
1469 0
1470 0
1471 0
1472 0
1473 0
1474 0
1475 0
1476 0
1477 0
1478 0
1479 0
1480 0
1481 0
1482 0
1483 0
1484 0
1485 0
1486 0
1487 0
1488 0
1489 0
1490 0
1491 0
1492 0
1493 0
1494 0
1495 0
1496 0
1497 0
1498 0
1499 0
1500 0
1501 0
1502 0
1503 0
1504 0
1505 0
1506 0
1507 0
1508 0
1509 0
1510 0
1511 0
1512 0
1513 0
1514 0
1515 0
1516 0
1517 0
1518 0
1519 0
1520 0
1521 0
1522 0
1523 0
1524 0
1525 0
1526 0
1527 0
1528 0
1529 0
1530 0
1531 0
1532 0
1533 0
1534 0
1535 0
1536 0
1537 0
1538 0
1539 0
1540 0
1541 0
1542 0
1543 0
1544 0
1545 0
1546 0
1547 0
1548 0
1549 0
1550 0
1551 0
1552 0
1553 0
1554 0
1555 0
1556 0
1557 0
1558 0
1559 0
1560 0
1561 0
1562 0
1563 0
1564 0
1565 0
1566 0
1567 0
1568 0
1569 0
1570 0
1571 0
1572 0
1573 0
1574 0
1575 0
1576 0
1577 0
1578 0
1579 0
1580 0
1581 0
1582 0
1583 0
1584 0
1585 0
1586 0
1587 0
1588 0
1589 0
1590 0
1591 0
1592 0
1593 0
1594 0
1595 0
1596 0
1597 0
1598 0
1599 0
1600 0
1601 0
1602 0
1603 0
1604 0
1605 0
1606 0
1607 0
1608 0
1609 0
1610 0
1611 0
1612 0
1613 0
1614 0
1615 0
1616 0
1617 0
1618 0
1619 0
1620 0
1621 0
1622 0
1623 0
1624 0
1625 0
1626 0
1627 0
1628 0
1629 0
1630 0
1631 0
1632 0
1633 0
1634 0
1635 0
1636 0
1637 0
1638 0
1639 0
1640 0
1641 0
1642 0
1643 0
1644 0
1645 0
1646 0
1647 0
1648 0
1649 0
1650 0
1651 0
1652 0
1653 0
1654 0
1655 0
1656 0
1657 0
1658 0
1659 0
1660 0
1661 0
1662 0
1663 0
1664 0
1665 0
1666 0
1667 0
1668 0
1669 0
1670 0
1671 0
1672 0
1673 0
1674 0
1675 0
1676 0
1677 0
1678 0
1679 0
1680 0
1681 0
1682 0
1683 0
1684 0
1685 0
1686 0
1687 0
1688 0
1689 0
1690 0
1691 0
1692 0
1693 0
1694 0
1695 0
1696 0
1697 0
1698 0
1699 0
1700 0
1701 0
1702 0
1703 0
1704 0
1705 0
1706 0
1707 0
1708 0
1709 0
1710 0
1711 0
1712 0
1713 0
1714 0
1715 0
1716 0
1717 0
1718 0
1719 0
1720 0
1721 0
1722 0
1723 0
1724 0
1725 0
1726 0
1727 0
1728 0
1729 0
1730 0
1731 0
1732 0
1733 0
1734 0
1735 0
1736 0
1737 0
1738 0
1739 0
1740 0
1741 0
1742 0
1743 0
1744 0
1745 0
1746 0
1747 0
1748 0
1749 0
1750 0
1751 0
1752 0
1753 0
1754 0
1755 0
1756 0
1757 0
1758 0
1759 0
1760 0
1761 0
1762 0
1763 0
1764 0
1765 0
1766 0
1767 0
1768 0
1769 0
1770 0
1771 0
1772 0
1773 0
1774 0
1775 0
1776 0
1777 0
1778 0
1779 0
1780 0
1781 0
1782 0
1783 0
1784 0
1785 0
1786 0
1787 0
1788 0
1789 0
1790 0
1791 0
1792 0
1793 0
1794 0
1795 0
1796 0
1797 0
1798 0
1799 0
1800 0
1801 0
1802 0
1803 0
1804 0
1805 0
1806 0
1807 0
1808 0
1809 0
1810 0
1811 0
1812 0
1813 0
1814 0
1815 0
1816 0
1817 0
1818 0
1819 0
1820 0
1821 0
1822 0
1823 0
1824 0
1825 0
1826 0
1827 0
1828 0
1829 0
1830 0
1831 0
1832 0
1833 0
1834 0
1835 0
1836 0
1837 0
1838 0
1839 0
1840 0
1841 0
1842 0
1843 0
1844 0
1845 0
1846 0
1847 0
1848 0
1849 0
1850 0
1851 0
1852 0
1853 0
1854 0
1855 0
1856 0
1857 0
1858 0
1859 0
1860 0
1861 0
1862 0
1863 0
1864 0
1865 0
1866 0
1867 0
1868 0
1869 0
1870 0
1871 0
1872 0
1873 0
1874 0
1875 0
1876 0
1877 0
1878 0
1879 0
1880 0
1881 0
1882 0
1883 0
1884 0
1885 0
1886 0
1887 0
1888 0
1889 0
1890 0
1891 0
1892 0
1893 0
1894 0
1895 0
1896 0
1897 0
1898 0
1899 0
1900 0
1901 0
1902 0
1903 0
1904 0
1905 0
1906 0
1907 0
1908 0
1909 0
1910 0
1911 0
1912 0
1913 0
1914 0
1915 0
1916 0
1917 0
1918 0
1919 0
1920 0
1921 0
1922 0
1923 0
1924 0
1925 0
1926 0
1927 0
1928 0
1929 0
1930 0
1931 0
1932 0
1933 0
1934 0
1935 0
1936 0
1937 0
1938 0
1939 0
1940 0
1941 0
1942 0
1943 0
1944 0
1945 0
1946 0
1947 0
1948 0
1949 0
1950 0
1951 0
1952 0
1953 0
1954 0
1955 0
1956 0
1957 0
1958 0
1959 0
1960 0
1961 0
1962 0
1963 0
1964 0
1965 0
1966 0
1967 0
1968 0
1969 0
1970 0
1971 0
1972 0
1973 0
1974 0
1975 0
1976 0
1977 0
1978 0
1979 0
1980 0
1981 0
1982 0
1983 0
1984 0
1985 0
1986 0
1987 0
1988 0
1989 0
1990 0
1991 0
1992 0
1993 0
1994 0
1995 0
1996 0
1997 0
1998 0
1999 0
2000 0
