0 2.49434e-06
1 2.49434e-06
2 2.49434e-06
3 2.49434e-06
4 2.49434e-06
5 2.49434e-06
6 2.49434e-06
7 2.49434e-06
8 2.49434e-06
9 2.49434e-06
10 2.49434e-06
11 2.49434e-06
12 2.49434e-06
13 2.49434e-06
14 2.49434e-06
15 2.49434e-06
16 2.49434e-06
17 2.49434e-06
18 2.49434e-06
19 2.49434e-06
20 2.49434e-06
21 2.49434e-06
22 2.49434e-06
23 2.49434e-06
24 2.49434e-06
25 2.49434e-06
26 2.49434e-06
27 2.49434e-06
28 2.49434e-06
29 2.49434e-06
30 2.49434e-06
31 2.49434e-06
32 2.49434e-06
33 2.49434e-06
34 2.49434e-06
35 2.49434e-06
36 2.49434e-06
37 2.49434e-06
38 2.49434e-06
39 2.49434e-06
40 2.49434e-06
41 2.49434e-06
42 2.49434e-06
43 2.49434e-06
44 2.49434e-06
45 2.49434e-06
46 2.49434e-06
47 2.49434e-06
48 2.49434e-06
49 2.49434e-06
50 2.49434e-06
51 2.49434e-06
52 2.49434e-06
53 2.49434e-06
54 2.49434e-06
55 2.49434e-06
56 3.20409e-06
57 3.20409e-06
58 3.20409e-06
59 3.20409e-06
60 3.20409e-06
61 3.20409e-06
62 3.20409e-06
63 3.20409e-06
64 3.20409e-06
65 3.20409e-06
66 3.20409e-06
67 3.20409e-06
68 3.20409e-06
69 3.20409e-06
70 3.20409e-06
71 3.20409e-06
72 3.20409e-06
73 3.20409e-06
74 3.20409e-06
75 3.20409e-06
76 3.20409e-06
77 3.20409e-06
78 3.20409e-06
79 3.20409e-06
80 3.20409e-06
81 3.20409e-06
82 3.20409e-06
83 3.20409e-06
84 3.20409e-06
85 3.20409e-06
86 3.20409e-06
87 3.20409e-06
88 3.20409e-06
89 3.20409e-06
90 3.20409e-06
91 3.20409e-06
92 3.20409e-06
93 3.20409e-06
94 3.20409e-06
95 3.20409e-06
96 3.20409e-06
97 3.20409e-06
98 3.20409e-06
99 3.20409e-06
100 3.20409e-06
101 3.20409e-06
102 3.20409e-06
103 3.20409e-06
104 3.20409e-06
105 3.20409e-06
106 3.20409e-06
107 3.20409e-06
108 3.20409e-06
109 3.20409e-06
110 3.20409e-06
111 3.20409e-06
112 3.20409e-06
113 3.09794e-06
114 3.09794e-06
115 3.09794e-06
116 3.09794e-06
117 3.09794e-06
118 3.09794e-06
119 3.09794e-06
120 3.09794e-06
121 3.09794e-06
122 3.09794e-06
123 3.09794e-06
124 3.09794e-06
125 3.09794e-06
126 3.09794e-06
127 3.09794e-06
128 3.09794e-06
129 3.09794e-06
130 3.09794e-06
131 3.09794e-06
132 3.09794e-06
133 3.09794e-06
134 3.09794e-06
135 3.09794e-06
136 3.09794e-06
137 3.09794e-06
138 3.09794e-06
139 3.09794e-06
140 3.09794e-06
141 3.09794e-06
142 3.09794e-06
143 3.09794e-06
144 3.09794e-06
145 3.09794e-06
146 3.09794e-06
147 3.09794e-06
148 3.09794e-06
149 3.09794e-06
150 3.09794e-06
151 3.09794e-06
152 3.09794e-06
153 3.09794e-06
154 3.09794e-06
155 3.09794e-06
156 3.09794e-06
157 3.09794e-06
158 3.09794e-06
159 3.09794e-06
160 3.09794e-06
161 3.09794e-06
162 3.09794e-06
163 3.09794e-06
164 3.09794e-06
165 3.09794e-06
166 3.09794e-06
167 3.09794e-06
168 3.09794e-06
169 3.09794e-06
170 3.09794e-06
171 3.92135e-06
172 3.92135e-06
173 3.92135e-06
174 3.92135e-06
175 3.92135e-06
176 3.92135e-06
177 3.92135e-06
178 3.92135e-06
179 3.92135e-06
180 3.92135e-06
181 3.92135e-06
182 3.92135e-06
183 3.92135e-06
184 3.92135e-06
185 3.92135e-06
186 3.92135e-06
187 3.92135e-06
188 3.92135e-06
189 3.92135e-06
190 3.92135e-06
191 3.92135e-06
192 3.92135e-06
193 3.92135e-06
194 3.92135e-06
195 3.92135e-06
196 3.92135e-06
197 3.92135e-06
198 3.92135e-06
199 3.92135e-06
200 3.92135e-06
201 3.92135e-06
202 3.92135e-06
203 3.92135e-06
204 3.92135e-06
205 3.92135e-06
206 3.92135e-06
207 3.92135e-06
208 3.92135e-06
209 3.92135e-06
210 3.92135e-06
211 3.92135e-06
212 3.92135e-06
213 3.92135e-06
214 3.92135e-06
215 3.92135e-06
216 3.92135e-06
217 3.92135e-06
218 3.92135e-06
219 3.92135e-06
220 3.92135e-06
221 3.92135e-06
222 3.92135e-06
223 3.92135e-06
224 3.92135e-06
225 3.92135e-06
226 3.92135e-06
227 3.92135e-06
228 3.71063e-06
229 3.71063e-06
230 3.71063e-06
231 3.71063e-06
232 3.71063e-06
233 3.71063e-06
234 3.71063e-06
235 3.71063e-06
236 3.71063e-06
237 3.71063e-06
238 3.71063e-06
239 3.71063e-06
240 3.71063e-06
241 3.71063e-06
242 3.71063e-06
243 3.71063e-06
244 3.71063e-06
245 3.71063e-06
246 3.71063e-06
247 3.71063e-06
248 3.71063e-06
249 3.71063e-06
250 3.71063e-06
251 3.71063e-06
252 3.71063e-06
253 3.71063e-06
254 3.71063e-06
255 3.71063e-06
256 3.71063e-06
257 3.71063e-06
258 3.71063e-06
259 3.71063e-06
260 3.71063e-06
261 3.71063e-06
262 3.71063e-06
263 3.71063e-06
264 3.71063e-06
265 3.71063e-06
266 3.71063e-06
267 3.71063e-06
268 3.71063e-06
269 3.71063e-06
270 3.71063e-06
271 3.71063e-06
272 3.71063e-06
273 3.71063e-06
274 3.71063e-06
275 3.71063e-06
276 3.71063e-06
277 3.71063e-06
278 3.71063e-06
279 3.71063e-06
280 3.71063e-06
281 3.71063e-06
282 3.71063e-06
283 3.71063e-06
284 3.71063e-06
285 4.60276e-06
286 4.60276e-06
287 4.60276e-06
288 4.60276e-06
289 4.60276e-06
290 4.60276e-06
291 4.60276e-06
292 4.60276e-06
293 4.60276e-06
294 4.60276e-06
295 4.60276e-06
296 4.60276e-06
297 4.60276e-06
298 4.60276e-06
299 4.60276e-06
300 4.60276e-06
301 4.60276e-06
302 4.60276e-06
303 4.60276e-06
304 4.60276e-06
305 4.60276e-06
306 4.60276e-06
307 4.60276e-06
308 4.60276e-06
309 4.60276e-06
310 4.60276e-06
311 4.60276e-06
312 4.60276e-06
313 4.60276e-06
314 4.60276e-06
315 4.60276e-06
316 4.60276e-06
317 4.60276e-06
318 4.60276e-06
319 4.60276e-06
320 4.60276e-06
321 4.60276e-06
322 4.60276e-06
323 4.60276e-06
324 4.60276e-06
325 4.60276e-06
326 4.60276e-06
327 4.60276e-06
328 4.60276e-06
329 4.60276e-06
330 4.60276e-06
331 4.60276e-06
332 4.60276e-06
333 4.60276e-06
334 4.60276e-06
335 4.60276e-06
336 4.60276e-06
337 4.60276e-06
338 4.60276e-06
339 4.60276e-06
340 4.60276e-06
341 4.60276e-06
342 4.29174e-06
343 4.29174e-06
344 4.29174e-06
345 4.29174e-06
346 4.29174e-06
347 4.29174e-06
348 4.29174e-06
349 4.29174e-06
350 4.29174e-06
351 4.29174e-06
352 4.29174e-06
353 4.29174e-06
354 4.29174e-06
355 4.29174e-06
356 4.29174e-06
357 4.29174e-06
358 4.29174e-06
359 4.29174e-06
360 4.29174e-06
361 4.29174e-06
362 4.29174e-06
363 4.29174e-06
364 4.29174e-06
365 4.29174e-06
366 4.29174e-06
367 4.29174e-06
368 4.29174e-06
369 4.29174e-06
370 4.29174e-06
371 4.29174e-06
372 4.29174e-06
373 4.29174e-06
374 4.29174e-06
375 4.29174e-06
376 4.29174e-06
377 4.29174e-06
378 4.29174e-06
379 4.29174e-06
380 4.29174e-06
381 4.29174e-06
382 4.29174e-06
383 4.29174e-06
384 4.29174e-06
385 4.29174e-06
386 4.29174e-06
387 4.29174e-06
388 4.29174e-06
389 4.29174e-06
390 4.29174e-06
391 4.29174e-06
392 4.29174e-06
393 4.29174e-06
394 4.29174e-06
395 4.29174e-06
396 4.29174e-06
397 4.29174e-06
398 4.29174e-06
399 4.29174e-06
400 5.17818e-06
401 5.17818e-06
402 5.17818e-06
403 5.17818e-06
404 5.17818e-06
405 5.17818e-06
406 5.17818e-06
407 5.17818e-06
408 5.17818e-06
409 5.17818e-06
410 5.17818e-06
411 5.17818e-06
412 5.17818e-06
413 5.17818e-06
414 5.17818e-06
415 5.17818e-06
416 5.17818e-06
417 5.17818e-06
418 5.17818e-06
419 5.17818e-06
420 5.17818e-06
421 5.17818e-06
422 5.17818e-06
423 5.17818e-06
424 5.17818e-06
425 5.17818e-06
426 5.17818e-06
427 5.17818e-06
428 5.17818e-06
429 5.17818e-06
430 5.17818e-06
431 5.17818e-06
432 5.17818e-06
433 5.17818e-06
434 5.17818e-06
435 5.17818e-06
436 5.17818e-06
437 5.17818e-06
438 5.17818e-06
439 5.17818e-06
440 5.17818e-06
441 5.17818e-06
442 5.17818e-06
443 5.17818e-06
444 5.17818e-06
445 5.17818e-06
446 5.17818e-06
447 5.17818e-06
448 5.17818e-06
449 5.17818e-06
450 5.17818e-06
451 5.17818e-06
452 5.17818e-06
453 5.17818e-06
454 5.17818e-06
455 5.17818e-06
456 5.17818e-06
457 4.79807e-06
458 4.79807e-06
459 4.79807e-06
460 4.79807e-06
461 4.79807e-06
462 4.79807e-06
463 4.79807e-06
464 4.79807e-06
465 4.79807e-06
466 4.79807e-06
467 4.79807e-06
468 4.79807e-06
469 4.79807e-06
470 4.79807e-06
471 4.79807e-06
472 4.79807e-06
473 4.79807e-06
474 4.79807e-06
475 4.79807e-06
476 4.79807e-06
477 4.79807e-06
478 4.79807e-06
479 4.79807e-06
480 4.79807e-06
481 4.79807e-06
482 4.79807e-06
483 4.79807e-06
484 4.79807e-06
485 4.79807e-06
486 4.79807e-06
487 4.79807e-06
488 4.79807e-06
489 4.79807e-06
490 4.79807e-06
491 4.79807e-06
492 4.79807e-06
493 4.79807e-06
494 4.79807e-06
495 4.79807e-06
496 4.79807e-06
497 4.79807e-06
498 4.79807e-06
499 4.79807e-06
500 4.79807e-06
501 4.79807e-06
502 4.79807e-06
503 4.79807e-06
504 4.79807e-06
505 4.79807e-06
506 4.79807e-06
507 4.79807e-06
508 4.79807e-06
509 4.79807e-06
510 4.79807e-06
511 4.79807e-06
512 4.79807e-06
513 4.79807e-06
514 5.57893e-06
515 5.57893e-06
516 5.57893e-06
517 5.57893e-06
518 5.57893e-06
519 5.57893e-06
520 5.57893e-06
521 5.57893e-06
522 5.57893e-06
523 5.57893e-06
524 5.57893e-06
525 5.57893e-06
526 5.57893e-06
527 5.57893e-06
528 5.57893e-06
529 5.57893e-06
530 5.57893e-06
531 5.57893e-06
532 5.57893e-06
533 5.57893e-06
534 5.57894e-06
535 5.57894e-06
536 5.57895e-06
537 5.57895e-06
538 5.57897e-06
539 5.57897e-06
540 5.57902e-06
541 5.57902e-06
542 5.57911e-06
543 5.57911e-06
544 5.5793e-06
545 5.5793e-06
546 5.57967e-06
547 5.57967e-06
548 5.58037e-06
549 5.58037e-06
550 5.58167e-06
551 5.58167e-06
552 5.58407e-06
553 5.58407e-06
554 5.58838e-06
555 5.58838e-06
556 5.596e-06
557 5.596e-06
558 5.6092e-06
559 5.6092e-06
560 5.63166e-06
561 5.63166e-06
562 5.66918e-06
563 5.66918e-06
564 5.73068e-06
565 5.73068e-06
566 5.82967e-06
567 5.82967e-06
568 5.9861e-06
569 5.9861e-06
570 6.2288e-06
571 6.2288e-06
572 6.33766e-06
573 6.33766e-06
574 6.95548e-06
575 6.95548e-06
576 7.86076e-06
577 7.86076e-06
578 9.16402e-06
579 9.16402e-06
580 1.10075e-05
581 1.10075e-05
582 1.35701e-05
583 1.35701e-05
584 1.70711e-05
585 1.70711e-05
586 2.17729e-05
587 2.17729e-05
588 2.79815e-05
589 2.79815e-05
590 3.60436e-05
591 3.60436e-05
592 4.63419e-05
593 4.63419e-05
594 5.9286e-05
595 5.9286e-05
596 7.53008e-05
597 7.53008e-05
598 9.48128e-05
599 9.48128e-05
600 0.000118235
601 0.000118235
602 0.000145953
603 0.000145953
604 0.000178311
605 0.000178311
606 0.000215604
607 0.000215604
608 0.000258074
609 0.000258074
610 0.000305914
611 0.000305914
612 0.000359272
613 0.000359272
614 0.00041827
615 0.00041827
616 0.000483017
617 0.000483017
618 0.000553629
619 0.000553629
620 0.000630247
621 0.000630247
622 0.000713045
623 0.000713045
624 0.000802236
625 0.000802236
626 0.000898068
627 0.000898068
628 0.00100081
629 0.00108832
630 0.00120773
631 0.00120773
632 0.00133512
633 0.00133512
634 0.00147065
635 0.00147065
636 0.00161438
637 0.00161438
638 0.00176626
639 0.00176626
640 0.00192606
641 0.00192606
642 0.00209342
643 0.00209342
644 0.00226783
645 0.00226783
646 0.00244865
647 0.00244865
648 0.00263518
649 0.00263518
650 0.00282665
651 0.00282665
652 0.00302231
653 0.00302231
654 0.00322147
655 0.00322147
656 0.00342354
657 0.00342354
658 0.00362809
659 0.00362809
660 0.00383482
661 0.00383482
662 0.00404368
663 0.00404368
664 0.00425485
665 0.00425485
666 0.0044688
667 0.0044688
668 0.0046864
669 0.0046864
670 0.00490902
671 0.00490902
672 0.00513872
673 0.00513872
674 0.00537834
675 0.00537834
676 0.00563181
677 0.00563181
678 0.00590418
679 0.00590418
680 0.00620176
681 0.00620176
682 0.00653202
683 0.00653202
684 0.00690339
685 0.00690339
686 0.00791597
687 0.00791597
688 0.00843331
689 0.00843331
690 0.00902021
691 0.00902021
692 0.0096821
693 0.0096821
694 0.0104214
695 0.0104214
696 0.0112366
697 0.0112366
698 0.0121219
699 0.0121219
700 0.0130668
701 0.0130668
702 0.0140563
703 0.0140563
704 0.0150711
705 0.0150711
706 0.0160886
707 0.0160886
708 0.0170838
709 0.0170838
710 0.01803
711 0.01803
712 0.0189006
713 0.0189006
714 0.0196701
715 0.0196701
716 0.0203154
717 0.0203154
718 0.0208172
719 0.0208172
720 0.0211616
721 0.0211616
722 0.0213408
723 0.0213408
724 0.021354
725 0.021354
726 0.0212083
727 0.0212083
728 0.0209179
729 0.0209179
730 0.0205042
731 0.0205042
732 0.0199945
733 0.0199945
734 0.0194209
735 0.0194209
736 0.0188186
737 0.0188186
738 0.0182249
739 0.0182249
740 0.0176775
741 0.0176775
742 0.017213
743 0.0189754
744 0.0186418
745 0.0186418
746 0.0184571
747 0.0184571
748 0.0184484
749 0.0184484
750 0.0186369
751 0.0186369
752 0.0190371
753 0.0190371
754 0.0196564
755 0.0196564
756 0.0204963
757 0.0204963
758 0.0215532
759 0.0215532
760 0.0228192
761 0.0228192
762 0.0242835
763 0.0242835
764 0.0259331
765 0.0259331
766 0.0277535
767 0.0277535
768 0.0297292
769 0.0297292
770 0.0318446
771 0.0318446
772 0.0340875
773 0.0340875
774 0.0364581
775 0.0364581
776 0.0389708
777 0.0389708
778 0.0416434
779 0.0416434
780 0.0444882
781 0.0444882
782 0.0475124
783 0.0475124
784 0.0507186
785 0.0507186
786 0.0541047
787 0.0541047
788 0.0576635
789 0.0576635
790 0.0613837
791 0.0613837
792 0.0652506
793 0.0652506
794 0.0692473
795 0.0692473
796 0.0733548
797 0.0733548
798 0.0775521
799 0.0775521
800 0.081816
801 0.155066
802 0.168121
803 0.168121
804 0.18162
805 0.18162
806 0.195516
807 0.195516
808 0.209756
809 0.209756
810 0.22428
811 0.22428
812 0.239023
813 0.239023
814 0.253911
815 0.253911
816 0.268865
817 0.268865
818 0.283801
819 0.283801
820 0.298636
821 0.298636
822 0.313292
823 0.313292
824 0.327687
825 0.327687
826 0.341732
827 0.341732
828 0.355276
829 0.355276
830 0.368036
831 0.368036
832 0.379656
833 0.379656
834 0.389965
835 0.389965
836 0.398981
837 0.398981
838 0.406849
839 0.406849
840 0.413688
841 0.413688
842 0.419616
843 0.419616
844 0.424652
845 0.424652
846 0.42884
847 0.42884
848 0.432108
849 0.432108
850 0.434466
851 0.434466
852 0.435788
853 0.435788
854 0.43611
855 0.43611
856 0.435315
857 0.435315
858 0.469637
859 0.469637
860 0.470635
861 0.470635
862 0.470531
863 0.470531
864 0.469512
865 0.469512
866 0.467491
867 0.467491
868 0.464588
869 0.464588
870 0.46068
871 0.46068
872 0.456586
873 0.456586
874 0.451084
875 0.451084
876 0.443719
877 0.443719
878 0.438255
879 0.438255
880 0.433412
881 0.433412
882 0.424165
883 0.424165
884 0.424939
885 0.424939
886 0.418737
887 0.418737
888 0.410602
889 0.410602
890 0.402471
891 0.402471
892 0.394471
893 0.394471
894 0.39233
895 0.39233
896 0.388951
897 0.388951
898 0.370696
899 0.370696
900 0.374324
901 0.374324
902 0.363523
903 0.363523
904 0.272973
905 0.272973
906 0.334519
907 0.334519
908 0.386325
909 0.386325
910 0.154683
911 0.154683
912 0.264964
913 0.264964
914 0.256569
915 0.279895
916 0.221566
917 0.221566
918 0.272988
919 0.272988
920 0.313058
921 0.313058
922 0.284388
923 0.284388
924 0.232166
925 0.232166
926 0.297723
927 0.297723
928 0.293497
929 0.293497
930 0.22582
931 0.22582
932 0.331266
933 0.331266
934 0.315461
935 0.315461
936 0.198842
937 0.198842
938 0.279196
939 0.279196
940 0.248443
941 0.248443
942 0.27807
943 0.27807
944 0.154063
945 0.154063
946 0.179799
947 0.179799
948 0.184661
949 0.184661
950 0.112001
951 0.112001
952 0.122413
953 0.122413
954 0.167207
955 0.167207
956 0.193112
957 0.193112
958 0.200801
959 0.200801
960 0.187014
961 0.187014
962 0.198687
963 0.198687
964 0.0969088
965 0.0969088
966 0.133079
967 0.133079
968 0.157877
969 0.157877
970 0.122919
971 0.122919
972 0.115648
973 0.115648
974 0.158249
975 0.158249
976 0.212725
977 0.212725
978 0.143051
979 0.143051
980 0.167447
981 0.167447
982 0.187961
983 0.187961
984 0.160456
985 0.160456
986 0.214711
987 0.214711
988 0.210529
989 0.210529
990 0.150936
991 0.150936
992 0.185876
993 0.185876
994 0.173257
995 0.173257
996 0.218201
997 0.218201
998 0.133702
999 0.133702
1000 0.203249
1001 0
1002 0
1003 0
1004 0
1005 0
1006 0
1007 0
1008 0
1009 0
1010 0
1011 0
1012 0
1013 0
1014 0
1015 0
1016 0
1017 0
1018 0
1019 0
1020 0
1021 0
1022 0
1023 0
1024 0
1025 0
1026 0
1027 0
1028 0
1029 0
1030 0
1031 0
1032 0
1033 0
1034 0
1035 0
1036 0
1037 0
1038 0
1039 0
1040 0
1041 0
1042 0
1043 0
1044 0
1045 0
1046 0
1047 0
1048 0
1049 0
1050 0
1051 0
1052 0
1053 0
1054 0
1055 0
1056 0
1057 0
1058 0
1059 0
1060 0
1061 0
1062 0
1063 0
1064 0
1065 0
1066 0
1067 0
1068 0
1069 0
1070 0
1071 0
1072 0
1073 0
1074 0
1075 0
1076 0
1077 0
1078 0
1079 0
1080 0
1081 0
1082 0
1083 0
1084 0
1085 0
1086 0
1087 0
1088 0
1089 0
1090 0
1091 0
1092 0
1093 0
1094 0
1095 0
1096 0
1097 0
1098 0
1099 0
1100 0
1101 0
1102 0
1103 0
1104 0
1105 0
1106 0
1107 0
1108 0
1109 0
1110 0
1111 0
1112 0
1113 0
1114 0
1115 0
1116 0
1117 0
1118 0
1119 0
1120 0
1121 0
1122 0
1123 0
1124 0
1125 0
1126 0
1127 0
1128 0
1129 0
1130 0
1131 0
1132 0
1133 0
1134 0
1135 0
1136 0
1137 0
1138 0
1139 0
1140 0
1141 0
1142 0
1143 0
1144 0
1145 0
1146 0
1147 0
1148 0
1149 0
1150 0
1151 0
1152 0
1153 0
1154 0
1155 0
1156 0
1157 0
1158 0
1159 0
1160 0
1161 0
1162 0
1163 0
1164 0
1165 0
1166 0
1167 0
1168 0
1169 0
1170 0
1171 0
1172 0
1173 0
1174 0
1175 0
1176 0
1177 0
1178 0
1179 0
1180 0
1181 0
1182 0
1183 0
1184 0
1185 0
1186 0
1187 0
1188 0
1189 0
1190 0
1191 0
1192 0
1193 0
1194 0
1195 0
1196 0
1197 0
1198 0
1199 0
1200 0
1201 0
1202 0
1203 0
1204 0
1205 0
1206 0
1207 0
1208 0
1209 0
1210 0
1211 0
1212 0
1213 0
1214 0
1215 0
1216 0
1217 0
1218 0
1219 0
1220 0
1221 0
1222 0
1223 0
1224 0
1225 0
1226 0
1227 0
1228 0
1229 0
1230 0
1231 0
1232 0
1233 0
1234 0
1235 0
1236 0
1237 0
1238 0
1239 0
1240 0
1241 0
1242 0
1243 0
1244 0
1245 0
1246 0
1247 0
1248 0
1249 0
1250 0
1251 0
1252 0
1253 0
1254 0
1255 0
1256 0
1257 0
1258 0
1259 0
1260 0
1261 0
1262 0
1263 0
1264 0
1265 0
1266 0
1267 0
1268 0
1269 0
1270 0
1271 0
1272 0
1273 0
1274 0
1275 0
1276 0
1277 0
1278 0
1279 0
1280 0
1281 0
1282 0
1283 0
1284 0
1285 0
1286 0
1287 0
1288 0
1289 0
1290 0
1291 0
1292 0
1293 0
1294 0
1295 0
1296 0
1297 0
1298 0
1299 0
1300 0
1301 0
1302 0
1303 0
1304 0
1305 0
1306 0
1307 0
1308 0
1309 0
1310 0
1311 0
1312 0
1313 0
1314 0
1315 0
1316 0
1317 0
1318 0
1319 0
1320 0
1321 0
1322 0
1323 0
1324 0
1325 0
1326 0
1327 0
1328 0
1329 0
1330 0
1331 0
1332 0
1333 0
1334 0
1335 0
1336 0
1337 0
1338 0
1339 0
1340 0
1341 0
1342 0
1343 0
1344 0
1345 0
1346 0
1347 0
1348 0
1349 0
1350 0
1351 0
1352 0
1353 0
1354 0
1355 0
1356 0
1357 0
1358 0
1359 0
1360 0
1361 0
1362 0
1363 0
1364 0
1365 0
1366 0
1367 0
1368 0
1369 0
1370 0
1371 0
1372 0
1373 0
1374 0
1375 0
1376 0
1377 0
1378 0
1379 0
1380 0
1381 0
1382 0
1383 0
1384 0
1385 0
1386 0
1387 0
1388 0
1389 0
1390 0
1391 0
1392 0
1393 0
1394 0
1395 0
1396 0
1397 0
1398 0
1399 0
1400 0
1401 0
1402 0
1403 0
1404 0
1405 0
1406 0
1407 0
1408 0
1409 0
1410 0
1411 0
1412 0
1413 0
1414 0
1415 0
1416 0
1417 0
1418 0
1419 0
1420 0
1421 0
1422 0
1423 0
1424 0
1425 0
1426 0
1427 0
1428 0
1429 0
1430 0
1431 0
1432 0
1433 0
1434 0
1435 0
1436 0
1437 0
1438 0
1439 0
1440 0
1441 0
1442 0
1443 0
1444 0
1445 0
1446 0
1447 0
1448 0
1449 0
1450 0
1451 0
1452 0
1453 0
1454 0
1455 0
1456 0
1457 0
1458 0
1459 0
1460 0
1461 0
1462 0
1463 0
1464 0
1465 0
1466 0
1467 0
1468 0
1469 0
1470 0
1471 0
1472 0
1473 0
1474 0
1475 0
1476 0
1477 0
1478 0
1479 0
1480 0
1481 0
1482 0
1483 0
1484 0
1485 0
1486 0
1487 0
1488 0
1489 0
1490 0
1491 0
1492 0
1493 0
1494 0
1495 0
1496 0
1497 0
1498 0
1499 0
1500 0
1501 0
1502 0
1503 0
1504 0
1505 0
1506 0
1507 0
1508 0
1509 0
1510 0
1511 0
1512 0
1513 0
1514 0
1515 0
1516 0
1517 0
1518 0
1519 0
1520 0
1521 0
1522 0
1523 0
1524 0
1525 0
1526 0
1527 0
1528 0
1529 0
1530 0
1531 0
1532 0
1533 0
1534 0
1535 0
1536 0
1537 0
1538 0
1539 0
1540 0
1541 0
1542 0
1543 0
1544 0
1545 0
1546 0
1547 0
1548 0
1549 0
1550 0
1551 0
1552 0
1553 0
1554 0
1555 0
1556 0
1557 0
1558 0
1559 0
1560 0
1561 0
1562 0
1563 0
1564 0
1565 0
1566 0
1567 0
1568 0
1569 0
1570 0
1571 0
1572 0
1573 0
1574 0
1575 0
1576 0
1577 0
1578 0
1579 0
1580 0
1581 0
1582 0
1583 0
1584 0
1585 0
1586 0
1587 0
1588 0
1589 0
1590 0
1591 0
1592 0
1593 0
1594 0
1595 0
1596 0
1597 0
1598 0
1599 0
1600 0
1601 0
1602 0
1603 0
1604 0
1605 0
1606 0
1607 0
1608 0
1609 0
1610 0
1611 0
1612 0
1613 0
1614 0
1615 0
1616 0
1617 0
1618 0
1619 0
1620 0
1621 0
1622 0
1623 0
1624 0
1625 0
1626 0
1627 0
1628 0
1629 0
1630 0
1631 0
1632 0
1633 0
1634 0
1635 0
1636 0
1637 0
1638 0
1639 0
1640 0
1641 0
1642 0
1643 0
1644 0
1645 0
1646 0
1647 0
1648 0
1649 0
1650 0
1651 0
1652 0
1653 0
1654 0
1655 0
1656 0
1657 0
1658 0
1659 0
1660 0
1661 0
1662 0
1663 0
1664 0
1665 0
1666 0
1667 0
1668 0
1669 0
1670 0
1671 0
1672 0
1673 0
1674 0
1675 0
1676 0
1677 0
1678 0
1679 0
1680 0
1681 0
1682 0
1683 0
1684 0
1685 0
1686 0
1687 0
1688 0
1689 0
1690 0
1691 0
1692 0
1693 0
1694 0
1695 0
1696 0
1697 0
1698 0
1699 0
1700 0
1701 0
1702 0
1703 0
1704 0
1705 0
1706 0
1707 0
1708 0
1709 0
1710 0
1711 0
1712 0
1713 0
1714 0
1715 0
1716 0
1717 0
1718 0
1719 0
1720 0
1721 0
1722 0
1723 0
1724 0
1725 0
1726 0
1727 0
1728 0
1729 0
1730 0
1731 0
1732 0
1733 0
1734 0
1735 0
1736 0
1737 0
1738 0
1739 0
1740 0
1741 0
1742 0
1743 0
1744 0
1745 0
1746 0
1747 0
1748 0
1749 0
1750 0
1751 0
1752 0
1753 0
1754 0
1755 0
1756 0
1757 0
1758 0
1759 0
1760 0
1761 0
1762 0
1763 0
1764 0
1765 0
1766 0
1767 0
1768 0
1769 0
1770 0
1771 0
1772 0
1773 0
1774 0
1775 0
1776 0
1777 0
1778 0
1779 0
1780 0
1781 0
1782 0
1783 0
1784 0
1785 0
1786 0
1787 0
1788 0
1789 0
1790 0
1791 0
1792 0
1793 0
1794 0
1795 0
1796 0
1797 0
1798 0
1799 0
1800 0
1801 0
1802 0
1803 0
1804 0
1805 0
1806 0
1807 0
1808 0
1809 0
1810 0
1811 0
1812 0
1813 0
1814 0
1815 0
1816 0
1817 0
1818 0
1819 0
1820 0
1821 0
1822 0
1823 0
1824 0
1825 0
1826 0
1827 0
1828 0
1829 0
1830 0
1831 0
1832 0
1833 0
1834 0
1835 0
1836 0
1837 0
1838 0
1839 0
1840 0
1841 0
1842 0
1843 0
1844 0
1845 0
1846 0
1847 0
1848 0
1849 0
1850 0
1851 0
1852 0
1853 0
1854 0
1855 0
1856 0
1857 0
1858 0
1859 0
1860 0
1861 0
1862 0
1863 0
1864 0
1865 0
1866 0
1867 0
1868 0
1869 0
1870 0
1871 0
1872 0
1873 0
1874 0
1875 0
1876 0
1877 0
1878 0
1879 0
1880 0
1881 0
1882 0
1883 0
1884 0
1885 0
1886 0
1887 0
1888 0
1889 0
1890 0
1891 0
1892 0
1893 0
1894 0
1895 0
1896 0
1897 0
1898 0
1899 0
1900 0
1901 0
1902 0
1903 0
1904 0
1905 0
1906 0
1907 0
1908 0
1909 0
1910 0
1911 0
1912 0
1913 0
1914 0
1915 0
1916 0
1917 0
1918 0
1919 0
1920 0
1921 0
1922 0
1923 0
1924 0
1925 0
1926 0
1927 0
1928 0
1929 0
1930 0
1931 0
1932 0
1933 0
1934 0
1935 0
1936 0
1937 0
1938 0
1939 0
1940 0
1941 0
1942 0
1943 0
1944 0
1945 0
1946 0
1947 0
1948 0
1949 0
1950 0
1951 0
1952 0
1953 0
1954 0
1955 0
1956 0
1957 0
1958 0
1959 0
1960 0
1961 0
1962 0
1963 0
1964 0
1965 0
1966 0
1967 0
1968 0
1969 0
1970 0
1971 0
1972 0
1973 0
1974 0
1975 0
1976 0
1977 0
1978 0
1979 0
1980 0
1981 0
1982 0
1983 0
1984 0
1985 0
1986 0
1987 0
1988 0
1989 0
1990 0
1991 0
1992 0
1993 0
1994 0
1995 0
1996 0
1997 0
1998 0
1999 0
2000 0
