0 1.67683e-06
1 1.67683e-06
2 1.67683e-06
3 1.67683e-06
4 1.67683e-06
5 1.67683e-06
6 1.67683e-06
7 1.67683e-06
8 1.67683e-06
9 1.67683e-06
10 1.67683e-06
11 1.67683e-06
12 1.67683e-06
13 1.67683e-06
14 1.67683e-06
15 1.67683e-06
16 1.67683e-06
17 1.67683e-06
18 1.67683e-06
19 1.67683e-06
20 1.67683e-06
21 1.67683e-06
22 1.67683e-06
23 1.67683e-06
24 1.67683e-06
25 1.67683e-06
26 1.67683e-06
27 1.63836e-06
28 1.63836e-06
29 1.63836e-06
30 1.63836e-06
31 1.63836e-06
32 1.63836e-06
33 1.63836e-06
34 1.63836e-06
35 1.63836e-06
36 1.63836e-06
37 1.63836e-06
38 1.63836e-06
39 1.63836e-06
40 1.63836e-06
41 1.63836e-06
42 1.63836e-06
43 1.63836e-06
44 1.63836e-06
45 1.63836e-06
46 1.63836e-06
47 1.63836e-06
48 1.63836e-06
49 1.63836e-06
50 1.63836e-06
51 1.63836e-06
52 1.63836e-06
53 1.63836e-06
54 1.63836e-06
55 1.63836e-06
56 1.63836e-06
57 1.63836e-06
58 1.63836e-06
59 1.63836e-06
60 1.63836e-06
61 1.63836e-06
62 1.63836e-06
63 1.63836e-06
64 1.63836e-06
65 1.63836e-06
66 1.63836e-06
67 1.63836e-06
68 1.63836e-06
69 1.63836e-06
70 1.63836e-06
71 1.63836e-06
72 1.63836e-06
73 1.63836e-06
74 1.63836e-06
75 1.63836e-06
76 1.63836e-06
77 1.63836e-06
78 1.63836e-06
79 1.63836e-06
80 1.63836e-06
81 1.63836e-06
82 1.63836e-06
83 1.63836e-06
84 1.63836e-06
85 2.31363e-06
86 2.31363e-06
87 2.31363e-06
88 2.31363e-06
89 2.31363e-06
90 2.31363e-06
91 2.31363e-06
92 2.31363e-06
93 2.31363e-06
94 2.31363e-06
95 2.31363e-06
96 2.31363e-06
97 2.31363e-06
98 2.31363e-06
99 2.31363e-06
100 2.31363e-06
101 2.31363e-06
102 2.31363e-06
103 2.31363e-06
104 2.31363e-06
105 2.31363e-06
106 2.31363e-06
107 2.31363e-06
108 2.31363e-06
109 2.31363e-06
110 2.31363e-06
111 2.31363e-06
112 2.31363e-06
113 2.31363e-06
114 2.31363e-06
115 2.31363e-06
116 2.31363e-06
117 2.31363e-06
118 2.31363e-06
119 2.31363e-06
120 2.31363e-06
121 2.31363e-06
122 2.31363e-06
123 2.31363e-06
124 2.31363e-06
125 2.31363e-06
126 2.31363e-06
127 2.31363e-06
128 2.31363e-06
129 2.31363e-06
130 2.31363e-06
131 2.31363e-06
132 2.31363e-06
133 2.31363e-06
134 2.31363e-06
135 2.31363e-06
136 2.31363e-06
137 2.31363e-06
138 2.31363e-06
139 2.31363e-06
140 2.31363e-06
141 2.31363e-06
142 2.17025e-06
143 2.17025e-06
144 2.17025e-06
145 2.17025e-06
146 2.17025e-06
147 2.17025e-06
148 2.17025e-06
149 2.17025e-06
150 2.17025e-06
151 2.17025e-06
152 2.17025e-06
153 2.17025e-06
154 2.17025e-06
155 2.17025e-06
156 2.17025e-06
157 2.17025e-06
158 2.17025e-06
159 2.17025e-06
160 2.17025e-06
161 2.17025e-06
162 2.17025e-06
163 2.17025e-06
164 2.17025e-06
165 2.17025e-06
166 2.17025e-06
167 2.17025e-06
168 2.17025e-06
169 2.17025e-06
170 2.17025e-06
171 2.17025e-06
172 2.17025e-06
173 2.17025e-06
174 2.17025e-06
175 2.17025e-06
176 2.17025e-06
177 2.17025e-06
178 2.17025e-06
179 2.17025e-06
180 2.17025e-06
181 2.17025e-06
182 2.17025e-06
183 2.17025e-06
184 2.17025e-06
185 2.17025e-06
186 2.17025e-06
187 2.17025e-06
188 2.17025e-06
189 2.17025e-06
190 2.17025e-06
191 2.17025e-06
192 2.17025e-06
193 2.17025e-06
194 2.17025e-06
195 2.17025e-06
196 2.17025e-06
197 2.17025e-06
198 2.17025e-06
199 3.00701e-06
200 3.00701e-06
201 3.00701e-06
202 3.00701e-06
203 3.00701e-06
204 3.00701e-06
205 3.00701e-06
206 3.00701e-06
207 3.00701e-06
208 3.00701e-06
209 3.00701e-06
210 3.00701e-06
211 3.00701e-06
212 3.00701e-06
213 3.00701e-06
214 3.00701e-06
215 3.00701e-06
216 3.00701e-06
217 3.00701e-06
218 3.00701e-06
219 3.00701e-06
220 3.00701e-06
221 3.00701e-06
222 3.00701e-06
223 3.00701e-06
224 3.00701e-06
225 3.00701e-06
226 3.00701e-06
227 3.00701e-06
228 3.00701e-06
229 3.00701e-06
230 3.00701e-06
231 3.00701e-06
232 3.00701e-06
233 3.00701e-06
234 3.00701e-06
235 3.00701e-06
236 3.00701e-06
237 3.00701e-06
238 3.00701e-06
239 3.00701e-06
240 3.00701e-06
241 3.00701e-06
242 3.00701e-06
243 3.00701e-06
244 3.00701e-06
245 3.00701e-06
246 3.00701e-06
247 3.00701e-06
248 3.00701e-06
249 3.00701e-06
250 3.00701e-06
251 3.00701e-06
252 3.00701e-06
253 3.00701e-06
254 3.00701e-06
255 3.00701e-06
256 3.00701e-06
257 2.72662e-06
258 2.72662e-06
259 2.72662e-06
260 2.72662e-06
261 2.72662e-06
262 2.72662e-06
263 2.72662e-06
264 2.72662e-06
265 2.72662e-06
266 2.72662e-06
267 2.72662e-06
268 2.72662e-06
269 2.72662e-06
270 2.72662e-06
271 2.72662e-06
272 2.72662e-06
273 2.72662e-06
274 2.72662e-06
275 2.72662e-06
276 2.72662e-06
277 2.72662e-06
278 2.72662e-06
279 2.72662e-06
280 2.72662e-06
281 2.72662e-06
282 2.72662e-06
283 2.72662e-06
284 2.72662e-06
285 2.72662e-06
286 2.72662e-06
287 2.72662e-06
288 2.72662e-06
289 2.72662e-06
290 2.72662e-06
291 2.72662e-06
292 2.72662e-06
293 2.72662e-06
294 2.72662e-06
295 2.72662e-06
296 2.72662e-06
297 2.72662e-06
298 2.72662e-06
299 2.72662e-06
300 2.72662e-06
301 2.72662e-06
302 2.72662e-06
303 2.72662e-06
304 2.72662e-06
305 2.72662e-06
306 2.72662e-06
307 2.72662e-06
308 2.72662e-06
309 2.72662e-06
310 2.72662e-06
311 2.72662e-06
312 2.72662e-06
313 2.72662e-06
314 3.68241e-06
315 3.68241e-06
316 3.68241e-06
317 3.68241e-06
318 3.68241e-06
319 3.68241e-06
320 3.68241e-06
321 3.68241e-06
322 3.68241e-06
323 3.68241e-06
324 3.68241e-06
325 3.68241e-06
326 3.68241e-06
327 3.68241e-06
328 3.68241e-06
329 3.68241e-06
330 3.68241e-06
331 3.68241e-06
332 3.68241e-06
333 3.68241e-06
334 3.68241e-06
335 3.68241e-06
336 3.68241e-06
337 3.68241e-06
338 3.68241e-06
339 3.68241e-06
340 3.68241e-06
341 3.68241e-06
342 3.68241e-06
343 3.68241e-06
344 3.68241e-06
345 3.68241e-06
346 3.68241e-06
347 3.68241e-06
348 3.68241e-06
349 3.68241e-06
350 3.68241e-06
351 3.68241e-06
352 3.68241e-06
353 3.68241e-06
354 3.68241e-06
355 3.68241e-06
356 3.68241e-06
357 3.68241e-06
358 3.68241e-06
359 3.68241e-06
360 3.68241e-06
361 3.68241e-06
362 3.68241e-06
363 3.68241e-06
364 3.68241e-06
365 3.68241e-06
366 3.68241e-06
367 3.68241e-06
368 3.68241e-06
369 3.68241e-06
370 3.68241e-06
371 3.25801e-06
372 3.25801e-06
373 3.25801e-06
374 3.25801e-06
375 3.25801e-06
376 3.25801e-06
377 3.25801e-06
378 3.25801e-06
379 3.25801e-06
380 3.25801e-06
381 3.25801e-06
382 3.25801e-06
383 3.25801e-06
384 3.25801e-06
385 3.25801e-06
386 3.25801e-06
387 3.25801e-06
388 3.25801e-06
389 3.25801e-06
390 3.25801e-06
391 3.25801e-06
392 3.25801e-06
393 3.25801e-06
394 3.25801e-06
395 3.25801e-06
396 3.25801e-06
397 3.25801e-06
398 3.25801e-06
399 3.25801e-06
400 3.25801e-06
401 3.25801e-06
402 3.25801e-06
403 3.25801e-06
404 3.25801e-06
405 3.25801e-06
406 3.25801e-06
407 3.25801e-06
408 3.25801e-06
409 3.25801e-06
410 3.25801e-06
411 3.25801e-06
412 3.25801e-06
413 3.25801e-06
414 3.25801e-06
415 3.25801e-06
416 3.25801e-06
417 3.25801e-06
418 3.25801e-06
419 3.25801e-06
420 3.25801e-06
421 3.25801e-06
422 3.25801e-06
423 3.25801e-06
424 3.25801e-06
425 3.25801e-06
426 3.25801e-06
427 3.25801e-06
428 4.24416e-06
429 4.24416e-06
430 4.24416e-06
431 4.24416e-06
432 4.24416e-06
433 4.24416e-06
434 4.24416e-06
435 4.24416e-06
436 4.24416e-06
437 4.24416e-06
438 4.24416e-06
439 4.24416e-06
440 4.24416e-06
441 4.24416e-06
442 4.24416e-06
443 4.24416e-06
444 4.24416e-06
445 4.24416e-06
446 4.24416e-06
447 4.24416e-06
448 4.24416e-06
449 4.24416e-06
450 4.24416e-06
451 4.24416e-06
452 4.24416e-06
453 4.24416e-06
454 4.24416e-06
455 4.24416e-06
456 4.24416e-06
457 4.24416e-06
458 4.24416e-06
459 4.24416e-06
460 4.24416e-06
461 4.24416e-06
462 4.24416e-06
463 4.24416e-06
464 4.24416e-06
465 4.24416e-06
466 4.24416e-06
467 4.24416e-06
468 4.24416e-06
469 4.24416e-06
470 4.24416e-06
471 4.24416e-06
472 4.24416e-06
473 4.24416e-06
474 4.24416e-06
475 4.24416e-06
476 4.24416e-06
477 4.24416e-06
478 4.24416e-06
479 4.24416e-06
480 4.24416e-06
481 4.24416e-06
482 4.24416e-06
483 4.24416e-06
484 4.24416e-06
485 4.24416e-06
486 3.70904e-06
487 3.70904e-06
488 3.70904e-06
489 3.70904e-06
490 3.70904e-06
491 3.70904e-06
492 3.70904e-06
493 3.70904e-06
494 3.70904e-06
495 3.70904e-06
496 3.70904e-06
497 3.70904e-06
498 3.70904e-06
499 3.70904e-06
500 3.70904e-06
501 3.70904e-06
502 3.70904e-06
503 3.70904e-06
504 3.70904e-06
505 3.70904e-06
506 3.70904e-06
507 3.70904e-06
508 3.70904e-06
509 3.70904e-06
510 3.70904e-06
511 3.70904e-06
512 3.70904e-06
513 3.70904e-06
514 3.70904e-06
515 3.70904e-06
516 3.70904e-06
517 3.70904e-06
518 3.70904e-06
519 3.70904e-06
520 3.70904e-06
521 3.70904e-06
522 3.70904e-06
523 3.70904e-06
524 3.70904e-06
525 3.70904e-06
526 3.70904e-06
527 3.70904e-06
528 3.70904e-06
529 3.70904e-06
530 3.70904e-06
531 3.70904e-06
532 3.70904e-06
533 3.70904e-06
534 3.70904e-06
535 3.70904e-06
536 3.70904e-06
537 3.70904e-06
538 3.70904e-06
539 3.70904e-06
540 3.70904e-06
541 3.70904e-06
542 3.70904e-06
543 4.59223e-06
544 4.59223e-06
545 4.59223e-06
546 4.59223e-06
547 4.59223e-06
548 4.59223e-06
549 4.59223e-06
550 4.59223e-06
551 4.59223e-06
552 4.59223e-06
553 4.59223e-06
554 4.59223e-06
555 4.59223e-06
556 4.59223e-06
557 4.59223e-06
558 4.59223e-06
559 4.59223e-06
560 4.59223e-06
561 4.59223e-06
562 4.59223e-06
563 4.59223e-06
564 4.59223e-06
565 4.59223e-06
566 4.59223e-06
567 4.59223e-06
568 4.59223e-06
569 4.59223e-06
570 4.59223e-06
571 4.59223e-06
572 4.59223e-06
573 4.59223e-06
574 4.59223e-06
575 4.59223e-06
576 4.59223e-06
577 4.59223e-06
578 4.59223e-06
579 4.59223e-06
580 4.59223e-06
581 4.59223e-06
582 4.59223e-06
583 4.59223e-06
584 4.59223e-06
585 4.59223e-06
586 4.59223e-06
587 4.59223e-06
588 4.59223e-06
589 4.59223e-06
590 4.59223e-06
591 4.59223e-06
592 4.59223e-06
593 4.59223e-06
594 4.59223e-06
595 4.59223e-06
596 4.59223e-06
597 4.59223e-06
598 4.59223e-06
599 4.59223e-06
600 4.02597e-06
601 4.02597e-06
602 4.026e-06
603 4.026e-06
604 4.02608e-06
605 4.02608e-06
606 4.02624e-06
607 4.02624e-06
608 4.02656e-06
609 4.02656e-06
610 4.02723e-06
611 4.02723e-06
612 4.02856e-06
613 4.02856e-06
614 4.03115e-06
615 4.03115e-06
616 4.03607e-06
617 4.03607e-06
618 4.04523e-06
619 4.04523e-06
620 4.06188e-06
621 4.06188e-06
622 4.09151e-06
623 4.09151e-06
624 4.1431e-06
625 4.1431e-06
626 4.23098e-06
627 4.23098e-06
628 4.37745e-06
629 4.37745e-06
630 4.61638e-06
631 4.61638e-06
632 4.99784e-06
633 4.99784e-06
634 5.59401e-06
635 5.59401e-06
636 6.50614e-06
637 6.50614e-06
638 7.87258e-06
639 7.87258e-06
640 9.87713e-06
641 9.87713e-06
642 1.27573e-05
643 1.27573e-05
644 1.68111e-05
645 1.68111e-05
646 2.24013e-05
647 2.24013e-05
648 2.99563e-05
649 2.99563e-05
650 3.99652e-05
651 3.99652e-05
652 5.29671e-05
653 5.29671e-05
654 6.95349e-05
655 6.95349e-05
656 9.02528e-05
657 9.99274e-05
658 0.000127885
659 0.000127885
660 0.000161588
661 0.000161588
662 0.000201542
663 0.000201542
664 0.00024816
665 0.00024816
666 0.000301748
667 0.000301748
668 0.000362509
669 0.000362509
670 0.000430551
671 0.000430551
672 0.000505921
673 0.000505921
674 0.000588635
675 0.000588635
676 0.000678725
677 0.000678725
678 0.00077628
679 0.00077628
680 0.000881478
681 0.000881478
682 0.00099461
683 0.00099461
684 0.00111609
685 0.00111609
686 0.00124641
687 0.00124641
688 0.00138616
689 0.00138616
690 0.00153592
691 0.00153592
692 0.00169621
693 0.00169621
694 0.00186743
695 0.00186743
696 0.00204982
697 0.00204982
698 0.00224338
699 0.00224338
700 0.00244784
701 0.00244784
702 0.0026627
703 0.0026627
704 0.00288725
705 0.00288725
706 0.0031206
707 0.0031206
708 0.00336179
709 0.00336179
710 0.00360987
711 0.00360987
712 0.00386398
713 0.00386398
714 0.00412341
715 0.00450017
716 0.00478748
717 0.00478748
718 0.00507984
719 0.00507984
720 0.00537728
721 0.00537728
722 0.00568006
723 0.00568006
724 0.0059887
725 0.0059887
726 0.006304
727 0.006304
728 0.00662717
729 0.00662717
730 0.00696002
731 0.00696002
732 0.00730531
733 0.00730531
734 0.00766724
735 0.00766724
736 0.00805189
737 0.00805189
738 0.00846776
739 0.00846776
740 0.008926
741 0.008926
742 0.00944039
743 0.00944039
744 0.0100268
745 0.0100268
746 0.0107022
747 0.0107022
748 0.0114828
749 0.0114828
750 0.0123826
751 0.0123826
752 0.0134113
753 0.0134113
754 0.0145722
755 0.0145722
756 0.0158621
757 0.0158621
758 0.0172702
759 0.0172702
760 0.0187791
761 0.0187791
762 0.0203659
763 0.0203659
764 0.0220038
765 0.0220038
766 0.0236633
767 0.0236633
768 0.0253135
769 0.0253135
770 0.0269234
771 0.0269234
772 0.030487
773 0.030487
774 0.0320135
775 0.0320135
776 0.0334182
777 0.0334182
778 0.0346762
779 0.0346762
780 0.0357665
781 0.0357665
782 0.0366742
783 0.0366742
784 0.0373929
785 0.0373929
786 0.0379261
787 0.0379261
788 0.0382878
789 0.0382878
790 0.0385008
791 0.0385008
792 0.0385952
793 0.0385952
794 0.0386058
795 0.0386058
796 0.0385716
797 0.0385716
798 0.0385356
799 0.0385356
800 0.0385463
801 0.0385463
802 0.038664
803 0.038664
804 0.038963
805 0.038963
806 0.0395161
807 0.0395161
808 0.0403794
809 0.0403794
810 0.0415881
811 0.0415881
812 0.0431592
813 0.0431592
814 0.0450946
815 0.0450946
816 0.0473863
817 0.0473863
818 0.0500207
819 0.0500207
820 0.0529817
821 0.0529817
822 0.0562505
823 0.0562505
824 0.0598012
825 0.0598012
826 0.0635971
827 0.0635971
828 0.0675884
829 0.137845
830 0.150446
831 0.150446
832 0.163565
833 0.163565
834 0.177132
835 0.177132
836 0.191074
837 0.191074
838 0.205328
839 0.205328
840 0.219822
841 0.219822
842 0.234488
843 0.234488
844 0.249235
845 0.249235
846 0.263981
847 0.263981
848 0.278608
849 0.278608
850 0.293026
851 0.293026
852 0.307104
853 0.307104
854 0.32076
855 0.32076
856 0.333817
857 0.333817
858 0.346066
859 0.346066
860 0.357085
861 0.357085
862 0.366686
863 0.366686
864 0.374762
865 0.374762
866 0.381611
867 0.381611
868 0.387156
869 0.387156
870 0.391713
871 0.391713
872 0.395259
873 0.395259
874 0.397218
875 0.397218
876 0.398366
877 0.398366
878 0.399816
879 0.399816
880 0.393324
881 0.393324
882 0.396523
883 0.396523
884 0.406632
885 0.406632
886 0.386229
887 0.412937
888 0.405596
889 0.405596
890 0.397903
891 0.397903
892 0.392077
893 0.392077
894 0.393117
895 0.393117
896 0.378646
897 0.378646
898 0.3746
899 0.3746
900 0.398936
901 0.398936
902 0.35647
903 0.35647
904 0.288391
905 0.288391
906 0.377659
907 0.377659
908 0.361469
909 0.361469
910 0.21234
911 0.21234
912 0.352721
913 0.352721
914 0.277896
915 0.277896
916 0.182517
917 0.182517
918 0.403191
919 0.403191
920 0.340607
921 0.340607
922 0.211114
923 0.211114
924 0.346934
925 0.346934
926 0.306244
927 0.306244
928 0.19658
929 0.19658
930 0.322513
931 0.322513
932 0.323694
933 0.323694
934 0.185548
935 0.185548
936 0.241573
937 0.241573
938 0.281505
939 0.281505
940 0.236009
941 0.236009
942 0.143178
943 0.143178
944 0.194587
945 0.194587
946 0.210636
947 0.210636
948 0.278306
949 0.278306
950 0.177486
951 0.177486
952 0.210168
953 0.210168
954 0.278929
955 0.278929
956 0.229822
957 0.229822
958 0.270972
959 0.270972
960 0.274278
961 0.274278
962 0.237884
963 0.237884
964 0.242412
965 0.242412
966 0.307314
967 0.307314
968 0.269461
969 0.269461
970 0.172223
971 0.172223
972 0.259963
973 0.259963
974 0.286256
975 0.286256
976 0.246005
977 0.246005
978 0.253173
979 0.253173
980 0.234951
981 0.234951
982 0.203004
983 0.203004
984 0.260617
985 0.260617
986 0.270483
987 0.270483
988 0.176948
989 0.176948
990 0.234015
991 0.234015
992 0.288113
993 0.288113
994 0.216058
995 0.216058
996 0.174492
997 0.174492
998 0.287945
999 0.287945
1000 0.26744
1001 0
1002 0
1003 0
1004 0
1005 0
1006 0
1007 0
1008 0
1009 0
1010 0
1011 0
1012 0
1013 0
1014 0
1015 0
1016 0
1017 0
1018 0
1019 0
1020 0
1021 0
1022 0
1023 0
1024 0
1025 0
1026 0
1027 0
1028 0
1029 0
1030 0
1031 0
1032 0
1033 0
1034 0
1035 0
1036 0
1037 0
1038 0
1039 0
1040 0
1041 0
1042 0
1043 0
1044 0
1045 0
1046 0
1047 0
1048 0
1049 0
1050 0
1051 0
1052 0
1053 0
1054 0
1055 0
1056 0
1057 0
1058 0
1059 0
1060 0
1061 0
1062 0
1063 0
1064 0
1065 0
1066 0
1067 0
1068 0
1069 0
1070 0
1071 0
1072 0
1073 0
1074 0
1075 0
1076 0
1077 0
1078 0
1079 0
1080 0
1081 0
1082 0
1083 0
1084 0
1085 0
1086 0
1087 0
1088 0
1089 0
1090 0
1091 0
1092 0
1093 0
1094 0
1095 0
1096 0
1097 0
1098 0
1099 0
1100 0
1101 0
1102 0
1103 0
1104 0
1105 0
1106 0
1107 0
1108 0
1109 0
1110 0
1111 0
1112 0
1113 0
1114 0
1115 0
1116 0
1117 0
1118 0
1119 0
1120 0
1121 0
1122 0
1123 0
1124 0
1125 0
1126 0
1127 0
1128 0
1129 0
1130 0
1131 0
1132 0
1133 0
1134 0
1135 0
1136 0
1137 0
1138 0
1139 0
1140 0
1141 0
1142 0
1143 0
1144 0
1145 0
1146 0
1147 0
1148 0
1149 0
1150 0
1151 0
1152 0
1153 0
1154 0
1155 0
1156 0
1157 0
1158 0
1159 0
1160 0
1161 0
1162 0
1163 0
1164 0
1165 0
1166 0
1167 0
1168 0
1169 0
1170 0
1171 0
1172 0
1173 0
1174 0
1175 0
1176 0
1177 0
1178 0
1179 0
1180 0
1181 0
1182 0
1183 0
1184 0
1185 0
1186 0
1187 0
1188 0
1189 0
1190 0
1191 0
1192 0
1193 0
1194 0
1195 0
1196 0
1197 0
1198 0
1199 0
1200 0
1201 0
1202 0
1203 0
1204 0
1205 0
1206 0
1207 0
1208 0
1209 0
1210 0
1211 0
1212 0
1213 0
1214 0
1215 0
1216 0
1217 0
1218 0
1219 0
1220 0
1221 0
1222 0
1223 0
1224 0
1225 0
1226 0
1227 0
1228 0
1229 0
1230 0
1231 0
1232 0
1233 0
1234 0
1235 0
1236 0
1237 0
1238 0
1239 0
1240 0
1241 0
1242 0
1243 0
1244 0
1245 0
1246 0
1247 0
1248 0
1249 0
1250 0
1251 0
1252 0
1253 0
1254 0
1255 0
1256 0
1257 0
1258 0
1259 0
1260 0
1261 0
1262 0
1263 0
1264 0
1265 0
1266 0
1267 0
1268 0
1269 0
1270 0
1271 0
1272 0
1273 0
1274 0
1275 0
1276 0
1277 0
1278 0
1279 0
1280 0
1281 0
1282 0
1283 0
1284 0
1285 0
1286 0
1287 0
1288 0
1289 0
1290 0
1291 0
1292 0
1293 0
1294 0
1295 0
1296 0
1297 0
1298 0
1299 0
1300 0
1301 0
1302 0
1303 0
1304 0
1305 0
1306 0
1307 0
1308 0
1309 0
1310 0
1311 0
1312 0
1313 0
1314 0
1315 0
1316 0
1317 0
1318 0
1319 0
1320 0
1321 0
1322 0
1323 0
1324 0
1325 0
1326 0
1327 0
1328 0
1329 0
1330 0
1331 0
1332 0
1333 0
1334 0
1335 0
1336 0
1337 0
1338 0
1339 0
1340 0
1341 0
1342 0
1343 0
1344 0
1345 0
1346 0
1347 0
1348 0
1349 0
1350 0
1351 0
1352 0
1353 0
1354 0
1355 0
1356 0
1357 0
1358 0
1359 0
1360 0
1361 0
1362 0
1363 0
1364 0
1365 0
1366 0
1367 0
1368 0
1369 0
1370 0
1371 0
1372 0
1373 0
1374 0
1375 0
1376 0
1377 0
1378 0
1379 0
1380 0
1381 0
1382 0
1383 0
1384 0
1385 0
1386 0
1387 0
1388 0
1389 0
1390 0
1391 0
1392 0
1393 0
1394 0
1395 0
1396 0
1397 0
1398 0
1399 0
1400 0
1401 0
1402 0
1403 0
1404 0
1405 0
1406 0
1407 0
1408 0
1409 0
1410 0
1411 0
1412 0
1413 0
1414 0
1415 0
1416 0
1417 0
1418 0
1419 0
1420 0
1421 0
1422 0
1423 0
1424 0
1425 0
1426 0
1427 0
1428 0
1429 0
1430 0
1431 0
1432 0
1433 0
1434 0
1435 0
1436 0
1437 0
1438 0
1439 0
1440 0
1441 0
1442 0
1443 0
1444 0
1445 0
1446 0
1447 0
1448 0
1449 0
1450 0
1451 0
1452 0
1453 0
1454 0
1455 0
1456 0
1457 0
1458 0
1459 0
1460 0
1461 0
1462 0
1463 0
1464 0
1465 0
1466 0
1467 0
1468 0
1469 0
1470 0
1471 0
1472 0
1473 0
1474 0
1475 0
1476 0
1477 0
1478 0
1479 0
1480 0
1481 0
1482 0
1483 0
1484 0
1485 0
1486 0
1487 0
1488 0
1489 0
1490 0
1491 0
1492 0
1493 0
1494 0
1495 0
1496 0
1497 0
1498 0
1499 0
1500 0
1501 0
1502 0
1503 0
1504 0
1505 0
1506 0
1507 0
1508 0
1509 0
1510 0
1511 0
1512 0
1513 0
1514 0
1515 0
1516 0
1517 0
1518 0
1519 0
1520 0
1521 0
1522 0
1523 0
1524 0
1525 0
1526 0
1527 0
1528 0
1529 0
1530 0
1531 0
1532 0
1533 0
1534 0
1535 0
1536 0
1537 0
1538 0
1539 0
1540 0
1541 0
1542 0
1543 0
1544 0
1545 0
1546 0
1547 0
1548 0
1549 0
1550 0
1551 0
1552 0
1553 0
1554 0
1555 0
1556 0
1557 0
1558 0
1559 0
1560 0
1561 0
1562 0
1563 0
1564 0
1565 0
1566 0
1567 0
1568 0
1569 0
1570 0
1571 0
1572 0
1573 0
1574 0
1575 0
1576 0
1577 0
1578 0
1579 0
1580 0
1581 0
1582 0
1583 0
1584 0
1585 0
1586 0
1587 0
1588 0
1589 0
1590 0
1591 0
1592 0
1593 0
1594 0
1595 0
1596 0
1597 0
1598 0
1599 0
1600 0
1601 0
1602 0
1603 0
1604 0
1605 0
1606 0
1607 0
1608 0
1609 0
1610 0
1611 0
1612 0
1613 0
1614 0
1615 0
1616 0
1617 0
1618 0
1619 0
1620 0
1621 0
1622 0
1623 0
1624 0
1625 0
1626 0
1627 0
1628 0
1629 0
1630 0
1631 0
1632 0
1633 0
1634 0
1635 0
1636 0
1637 0
1638 0
1639 0
1640 0
1641 0
1642 0
1643 0
1644 0
1645 0
1646 0
1647 0
1648 0
1649 0
1650 0
1651 0
1652 0
1653 0
1654 0
1655 0
1656 0
1657 0
1658 0
1659 0
1660 0
1661 0
1662 0
1663 0
1664 0
1665 0
1666 0
1667 0
1668 0
1669 0
1670 0
1671 0
1672 0
1673 0
1674 0
1675 0
1676 0
1677 0
1678 0
1679 0
1680 0
1681 0
1682 0
1683 0
1684 0
1685 0
1686 0
1687 0
1688 0
1689 0
1690 0
1691 0
1692 0
1693 0
1694 0
1695 0
1696 0
1697 0
1698 0
1699 0
1700 0
1701 0
1702 0
1703 0
1704 0
1705 0
1706 0
1707 0
1708 0
1709 0
1710 0
1711 0
1712 0
1713 0
1714 0
1715 0
1716 0
1717 0
1718 0
1719 0
1720 0
1721 0
1722 0
1723 0
1724 0
1725 0
1726 0
1727 0
1728 0
1729 0
1730 0
1731 0
1732 0
1733 0
1734 0
1735 0
1736 0
1737 0
1738 0
1739 0
1740 0
1741 0
1742 0
1743 0
1744 0
1745 0
1746 0
1747 0
1748 0
1749 0
1750 0
1751 0
1752 0
1753 0
1754 0
1755 0
1756 0
1757 0
1758 0
1759 0
1760 0
1761 0
1762 0
1763 0
1764 0
1765 0
1766 0
1767 0
1768 0
1769 0
1770 0
1771 0
1772 0
1773 0
1774 0
1775 0
1776 0
1777 0
1778 0
1779 0
1780 0
1781 0
1782 0
1783 0
1784 0
1785 0
1786 0
1787 0
1788 0
1789 0
1790 0
1791 0
1792 0
1793 0
1794 0
1795 0
1796 0
1797 0
1798 0
1799 0
1800 0
1801 0
1802 0
1803 0
1804 0
1805 0
1806 0
1807 0
1808 0
1809 0
1810 0
1811 0
1812 0
1813 0
1814 0
1815 0
1816 0
1817 0
1818 0
1819 0
1820 0
1821 0
1822 0
1823 0
1824 0
1825 0
1826 0
1827 0
1828 0
1829 0
1830 0
1831 0
1832 0
1833 0
1834 0
1835 0
1836 0
1837 0
1838 0
1839 0
1840 0
1841 0
1842 0
1843 0
1844 0
1845 0
1846 0
1847 0
1848 0
1849 0
1850 0
1851 0
1852 0
1853 0
1854 0
1855 0
1856 0
1857 0
1858 0
1859 0
1860 0
1861 0
1862 0
1863 0
1864 0
1865 0
1866 0
1867 0
1868 0
1869 0
1870 0
1871 0
1872 0
1873 0
1874 0
1875 0
1876 0
1877 0
1878 0
1879 0
1880 0
1881 0
1882 0
1883 0
1884 0
1885 0
1886 0
1887 0
1888 0
1889 0
1890 0
1891 0
1892 0
1893 0
1894 0
1895 0
1896 0
1897 0
1898 0
1899 0
1900 0
1901 0
1902 0
1903 0
1904 0
1905 0
1906 0
1907 0
1908 0
1909 0
1910 0
1911 0
1912 0
1913 0
1914 0
1915 0
1916 0
1917 0
1918 0
1919 0
1920 0
1921 0
1922 0
1923 0
1924 0
1925 0
1926 0
1927 0
1928 0
1929 0
1930 0
1931 0
1932 0
1933 0
1934 0
1935 0
1936 0
1937 0
1938 0
1939 0
1940 0
1941 0
1942 0
1943 0
1944 0
1945 0
1946 0
1947 0
1948 0
1949 0
1950 0
1951 0
1952 0
1953 0
1954 0
1955 0
1956 0
1957 0
1958 0
1959 0
1960 0
1961 0
1962 0
1963 0
1964 0
1965 0
1966 0
1967 0
1968 0
1969 0
1970 0
1971 0
1972 0
1973 0
1974 0
1975 0
1976 0
1977 0
1978 0
1979 0
1980 0
1981 0
1982 0
1983 0
1984 0
1985 0
1986 0
1987 0
1988 0
1989 0
1990 0
1991 0
1992 0
1993 0
1994 0
1995 0
1996 0
1997 0
1998 0
1999 0
2000 0
