0 1.16134e-05
1 1.16134e-05
2 1.16134e-05
3 1.16134e-05
4 1.16134e-05
5 1.16134e-05
6 1.16134e-05
7 1.16134e-05
8 1.16134e-05
9 1.16134e-05
10 1.16134e-05
11 1.16134e-05
12 1.16134e-05
13 1.16134e-05
14 1.16134e-05
15 1.16134e-05
16 1.16134e-05
17 1.16134e-05
18 1.16134e-05
19 1.16134e-05
20 1.16134e-05
21 1.16134e-05
22 1.16134e-05
23 1.16134e-05
24 1.16134e-05
25 1.16134e-05
26 1.16134e-05
27 1.49796e-06
28 1.49796e-06
29 1.49796e-06
30 1.49796e-06
31 1.49796e-06
32 1.49796e-06
33 1.49796e-06
34 1.49796e-06
35 1.49796e-06
36 1.49796e-06
37 1.49796e-06
38 1.49796e-06
39 1.49796e-06
40 1.49796e-06
41 1.49796e-06
42 1.49796e-06
43 1.49796e-06
44 1.49796e-06
45 1.49796e-06
46 1.49796e-06
47 1.49796e-06
48 1.49796e-06
49 1.49796e-06
50 1.49796e-06
51 1.49796e-06
52 1.49796e-06
53 1.49796e-06
54 1.49796e-06
55 1.49796e-06
56 1.49796e-06
57 1.49796e-06
58 1.49796e-06
59 1.49796e-06
60 1.49796e-06
61 1.49796e-06
62 1.49796e-06
63 1.49796e-06
64 1.49796e-06
65 1.49796e-06
66 1.49796e-06
67 1.49796e-06
68 1.49796e-06
69 1.49796e-06
70 1.49796e-06
71 1.49796e-06
72 1.49796e-06
73 1.49796e-06
74 1.49796e-06
75 1.49796e-06
76 1.49796e-06
77 1.49796e-06
78 1.49796e-06
79 1.49796e-06
80 1.49796e-06
81 1.49796e-06
82 1.49796e-06
83 1.49796e-06
84 1.49796e-06
85 -8.0039e-06
86 -8.0039e-06
87 -8.0039e-06
88 -8.0039e-06
89 -8.0039e-06
90 -8.0039e-06
91 -8.0039e-06
92 -8.0039e-06
93 -8.0039e-06
94 -8.0039e-06
95 -8.0039e-06
96 -8.0039e-06
97 -8.0039e-06
98 -8.0039e-06
99 -8.0039e-06
100 -8.0039e-06
101 -8.0039e-06
102 -8.0039e-06
103 -8.0039e-06
104 -8.0039e-06
105 -8.0039e-06
106 -8.0039e-06
107 -8.0039e-06
108 -8.0039e-06
109 -8.0039e-06
110 -8.0039e-06
111 -8.0039e-06
112 -8.0039e-06
113 -8.0039e-06
114 -8.0039e-06
115 -8.0039e-06
116 -8.0039e-06
117 -8.0039e-06
118 -8.0039e-06
119 -8.0039e-06
120 -8.0039e-06
121 -8.0039e-06
122 -8.0039e-06
123 -8.0039e-06
124 -8.0039e-06
125 -8.0039e-06
126 -8.0039e-06
127 -8.0039e-06
128 -8.0039e-06
129 -8.0039e-06
130 -8.0039e-06
131 -8.0039e-06
132 -8.0039e-06
133 -8.0039e-06
134 -8.0039e-06
135 -8.0039e-06
136 -8.0039e-06
137 -8.0039e-06
138 -8.0039e-06
139 -8.0039e-06
140 -8.0039e-06
141 -8.0039e-06
142 -1.49925e-05
143 -1.49925e-05
144 -1.49925e-05
145 -1.49925e-05
146 -1.49925e-05
147 -1.49925e-05
148 -1.49925e-05
149 -1.49925e-05
150 -1.49925e-05
151 -1.49925e-05
152 -1.49925e-05
153 -1.49925e-05
154 -1.49925e-05
155 -1.49925e-05
156 -1.49925e-05
157 -1.49925e-05
158 -1.49925e-05
159 -1.49925e-05
160 -1.49925e-05
161 -1.49925e-05
162 -1.49925e-05
163 -1.49925e-05
164 -1.49925e-05
165 -1.49925e-05
166 -1.49925e-05
167 -1.49925e-05
168 -1.49925e-05
169 -1.49925e-05
170 -1.49925e-05
171 -1.49925e-05
172 -1.49925e-05
173 -1.49925e-05
174 -1.49925e-05
175 -1.49925e-05
176 -1.49925e-05
177 -1.49925e-05
178 -1.49925e-05
179 -1.49925e-05
180 -1.49925e-05
181 -1.49925e-05
182 -1.49925e-05
183 -1.49925e-05
184 -1.49925e-05
185 -1.49925e-05
186 -1.49925e-05
187 -1.49925e-05
188 -1.49925e-05
189 -1.49925e-05
190 -1.49925e-05
191 -1.49925e-05
192 -1.49925e-05
193 -1.49925e-05
194 -1.49925e-05
195 -1.49925e-05
196 -1.49925e-05
197 -1.49925e-05
198 -1.49925e-05
199 -1.83341e-05
200 -1.83341e-05
201 -1.83341e-05
202 -1.83341e-05
203 -1.83341e-05
204 -1.83341e-05
205 -1.83341e-05
206 -1.83341e-05
207 -1.83341e-05
208 -1.83341e-05
209 -1.83341e-05
210 -1.83341e-05
211 -1.83341e-05
212 -1.83341e-05
213 -1.83341e-05
214 -1.83341e-05
215 -1.83341e-05
216 -1.83341e-05
217 -1.83341e-05
218 -1.83341e-05
219 -1.83341e-05
220 -1.83341e-05
221 -1.83341e-05
222 -1.83341e-05
223 -1.83341e-05
224 -1.83341e-05
225 -1.83341e-05
226 -1.83341e-05
227 -1.83341e-05
228 -1.83341e-05
229 -1.83341e-05
230 -1.83341e-05
231 -1.83341e-05
232 -1.83341e-05
233 -1.83341e-05
234 -1.83341e-05
235 -1.83341e-05
236 -1.83341e-05
237 -1.83341e-05
238 -1.83341e-05
239 -1.83341e-05
240 -1.83341e-05
241 -1.83341e-05
242 -1.83341e-05
243 -1.83341e-05
244 -1.83341e-05
245 -1.83341e-05
246 -1.83341e-05
247 -1.83341e-05
248 -1.83341e-05
249 -1.83341e-05
250 -1.83341e-05
251 -1.83341e-05
252 -1.83341e-05
253 -1.83341e-05
254 -1.83341e-05
255 -1.83341e-05
256 -1.83341e-05
257 -1.78426e-05
258 -1.78426e-05
259 -1.78426e-05
260 -1.78426e-05
261 -1.78426e-05
262 -1.78426e-05
263 -1.78426e-05
264 -1.78426e-05
265 -1.78426e-05
266 -1.78426e-05
267 -1.78426e-05
268 -1.78426e-05
269 -1.78426e-05
270 -1.78426e-05
271 -1.78426e-05
272 -1.78426e-05
273 -1.78426e-05
274 -1.78426e-05
275 -1.78426e-05
276 -1.78426e-05
277 -1.78426e-05
278 -1.78426e-05
279 -1.78426e-05
280 -1.78426e-05
281 -1.78426e-05
282 -1.78426e-05
283 -1.78426e-05
284 -1.78426e-05
285 -1.78426e-05
286 -1.78426e-05
287 -1.78426e-05
288 -1.78426e-05
289 -1.78426e-05
290 -1.78426e-05
291 -1.78426e-05
292 -1.78426e-05
293 -1.78426e-05
294 -1.78426e-05
295 -1.78426e-05
296 -1.78426e-05
297 -1.78426e-05
298 -1.78426e-05
299 -1.78426e-05
300 -1.78426e-05
301 -1.78426e-05
302 -1.78426e-05
303 -1.78426e-05
304 -1.78426e-05
305 -1.78426e-05
306 -1.78426e-05
307 -1.78426e-05
308 -1.78426e-05
309 -1.78426e-05
310 -1.78426e-05
311 -1.78426e-05
312 -1.78426e-05
313 -1.78426e-05
314 -1.39827e-05
315 -1.39827e-05
316 -1.39827e-05
317 -1.39827e-05
318 -1.39827e-05
319 -1.39827e-05
320 -1.39827e-05
321 -1.39827e-05
322 -1.39827e-05
323 -1.39827e-05
324 -1.39827e-05
325 -1.39827e-05
326 -1.39827e-05
327 -1.39827e-05
328 -1.39827e-05
329 -1.39827e-05
330 -1.39827e-05
331 -1.39827e-05
332 -1.39827e-05
333 -1.39827e-05
334 -1.39827e-05
335 -1.39827e-05
336 -1.39827e-05
337 -1.39827e-05
338 -1.39827e-05
339 -1.39827e-05
340 -1.39827e-05
341 -1.39827e-05
342 -1.39827e-05
343 -1.39827e-05
344 -1.39827e-05
345 -1.39827e-05
346 -1.39827e-05
347 -1.39827e-05
348 -1.39827e-05
349 -1.39827e-05
350 -1.39827e-05
351 -1.39827e-05
352 -1.39827e-05
353 -1.39827e-05
354 -1.39827e-05
355 -1.39827e-05
356 -1.39827e-05
357 -1.39827e-05
358 -1.39827e-05
359 -1.39827e-05
360 -1.39827e-05
361 -1.39827e-05
362 -1.39827e-05
363 -1.39827e-05
364 -1.39827e-05
365 -1.39827e-05
366 -1.39827e-05
367 -1.39827e-05
368 -1.39827e-05
369 -1.39827e-05
370 -1.39827e-05
371 -7.82322e-06
372 -7.82322e-06
373 -7.82322e-06
374 -7.82322e-06
375 -7.82322e-06
376 -7.82322e-06
377 -7.82322e-06
378 -7.82322e-06
379 -7.82322e-06
380 -7.82322e-06
381 -7.82322e-06
382 -7.82322e-06
383 -7.82322e-06
384 -7.82322e-06
385 -7.82322e-06
386 -7.82322e-06
387 -7.82322e-06
388 -7.82322e-06
389 -7.82322e-06
390 -7.82322e-06
391 -7.82322e-06
392 -7.82322e-06
393 -7.82322e-06
394 -7.82322e-06
395 -7.82322e-06
396 -7.82322e-06
397 -7.82322e-06
398 -7.82322e-06
399 -7.82322e-06
400 -7.82322e-06
401 -7.82322e-06
402 -7.82322e-06
403 -7.82322e-06
404 -7.82322e-06
405 -7.82322e-06
406 -7.82322e-06
407 -7.82322e-06
408 -7.82322e-06
409 -7.82322e-06
410 -7.82322e-06
411 -7.82322e-06
412 -7.82322e-06
413 -7.82322e-06
414 -7.82322e-06
415 -7.82322e-06
416 -7.82322e-06
417 -7.82322e-06
418 -7.82322e-06
419 -7.82322e-06
420 -7.82322e-06
421 -7.82322e-06
422 -7.82322e-06
423 -7.82322e-06
424 -7.82322e-06
425 -7.82322e-06
426 -7.82322e-06
427 -7.82322e-06
428 -3.50448e-07
429 -3.50448e-07
430 -3.50448e-07
431 -3.50448e-07
432 -3.50448e-07
433 -3.50448e-07
434 -3.50448e-07
435 -3.50448e-07
436 -3.50448e-07
437 -3.50448e-07
438 -3.50448e-07
439 -3.50448e-07
440 -3.50448e-07
441 -3.50448e-07
442 -3.50448e-07
443 -3.50448e-07
444 -3.50448e-07
445 -3.50448e-07
446 -3.50448e-07
447 -3.50448e-07
448 -3.50448e-07
449 -3.50448e-07
450 -3.50448e-07
451 -3.50448e-07
452 -3.50448e-07
453 -3.50448e-07
454 -3.50448e-07
455 -3.50448e-07
456 -3.50448e-07
457 -3.50448e-07
458 -3.50448e-07
459 -3.50448e-07
460 -3.50448e-07
461 -3.50448e-07
462 -3.50448e-07
463 -3.50448e-07
464 -3.50448e-07
465 -3.50448e-07
466 -3.50448e-07
467 -3.50448e-07
468 -3.50448e-07
469 -3.50448e-07
470 -3.50448e-07
471 -3.50448e-07
472 -3.50448e-07
473 -3.50448e-07
474 -3.50448e-07
475 -3.50448e-07
476 -3.50448e-07
477 -3.50448e-07
478 -3.50448e-07
479 -3.50448e-07
480 -3.50448e-07
481 -3.50448e-07
482 -3.50448e-07
483 -3.50448e-07
484 -3.50448e-07
485 -3.50448e-07
486 7.31328e-06
487 7.31328e-06
488 7.31328e-06
489 7.31328e-06
490 7.31328e-06
491 7.31328e-06
492 7.31328e-06
493 7.31328e-06
494 7.31328e-06
495 7.31328e-06
496 7.31328e-06
497 7.31328e-06
498 7.31328e-06
499 7.31328e-06
500 7.31328e-06
501 7.31328e-06
502 7.31328e-06
503 7.31328e-06
504 7.31328e-06
505 7.31328e-06
506 7.31328e-06
507 7.31328e-06
508 7.31328e-06
509 7.31328e-06
510 7.31328e-06
511 7.31328e-06
512 7.31328e-06
513 7.31328e-06
514 7.31328e-06
515 7.31328e-06
516 7.31328e-06
517 7.31328e-06
518 7.31328e-06
519 7.31328e-06
520 7.31328e-06
521 7.31328e-06
522 7.31328e-06
523 7.31328e-06
524 7.31328e-06
525 7.31328e-06
526 7.31328e-06
527 7.31328e-06
528 7.31328e-06
529 7.31328e-06
530 7.31328e-06
531 7.31328e-06
532 7.31328e-06
533 7.31328e-06
534 7.31328e-06
535 7.31328e-06
536 7.31328e-06
537 7.31328e-06
538 7.31328e-06
539 7.31328e-06
540 7.31328e-06
541 7.31328e-06
542 7.31328e-06
543 1.46552e-05
544 1.46552e-05
545 1.46552e-05
546 1.46552e-05
547 1.46552e-05
548 1.46552e-05
549 1.46552e-05
550 1.46552e-05
551 1.46552e-05
552 1.46552e-05
553 1.46552e-05
554 1.46552e-05
555 1.46552e-05
556 1.46552e-05
557 1.46552e-05
558 1.46552e-05
559 1.46552e-05
560 1.46552e-05
561 1.46552e-05
562 1.46552e-05
563 1.46552e-05
564 1.46552e-05
565 1.46552e-05
566 1.46552e-05
567 1.46552e-05
568 1.46552e-05
569 1.46552e-05
570 1.46552e-05
571 1.46552e-05
572 1.46552e-05
573 1.46552e-05
574 1.46552e-05
575 1.46552e-05
576 1.46552e-05
577 1.46552e-05
578 1.46552e-05
579 1.46552e-05
580 1.46552e-05
581 1.46552e-05
582 1.46552e-05
583 1.46552e-05
584 1.46552e-05
585 1.46552e-05
586 1.46552e-05
587 1.46552e-05
588 1.46552e-05
589 1.46552e-05
590 1.46552e-05
591 1.46552e-05
592 1.46552e-05
593 1.46552e-05
594 1.46552e-05
595 1.46552e-05
596 1.46552e-05
597 1.46552e-05
598 1.46552e-05
599 1.46552e-05
600 2.01766e-05
601 2.01766e-05
602 2.01766e-05
603 2.01766e-05
604 2.01766e-05
605 2.01766e-05
606 2.01766e-05
607 2.01766e-05
608 2.01766e-05
609 2.01766e-05
610 2.01766e-05
611 2.01766e-05
612 2.01766e-05
613 2.01766e-05
614 2.01766e-05
615 2.01766e-05
616 2.01766e-05
617 2.01766e-05
618 2.01766e-05
619 2.01766e-05
620 2.01766e-05
621 2.01766e-05
622 2.01766e-05
623 2.01766e-05
624 2.01766e-05
625 2.01766e-05
626 2.01766e-05
627 2.01766e-05
628 2.01766e-05
629 2.01766e-05
630 2.01766e-05
631 2.01766e-05
632 2.01766e-05
633 2.01766e-05
634 2.01766e-05
635 2.01766e-05
636 2.01766e-05
637 2.01766e-05
638 2.01766e-05
639 2.01766e-05
640 2.01766e-05
641 2.01766e-05
642 2.01766e-05
643 2.01766e-05
644 2.01766e-05
645 2.01766e-05
646 2.01766e-05
647 2.01766e-05
648 2.01766e-05
649 2.01766e-05
650 2.01766e-05
651 2.01766e-05
652 2.01766e-05
653 2.01766e-05
654 2.01766e-05
655 2.01766e-05
656 2.01766e-05
657 2.26284e-05
658 2.26284e-05
659 2.26284e-05
660 2.26284e-05
661 2.26284e-05
662 2.26284e-05
663 2.26284e-05
664 2.26284e-05
665 2.26284e-05
666 2.26284e-05
667 2.26284e-05
668 2.26284e-05
669 2.26284e-05
670 2.26284e-05
671 2.26284e-05
672 2.26284e-05
673 2.26284e-05
674 2.26284e-05
675 2.26284e-05
676 2.26284e-05
677 2.26284e-05
678 2.26284e-05
679 2.26284e-05
680 2.26284e-05
681 2.26284e-05
682 2.26284e-05
683 2.26284e-05
684 2.26284e-05
685 2.26284e-05
686 2.26284e-05
687 2.26284e-05
688 2.26284e-05
689 2.26284e-05
690 2.26284e-05
691 2.26284e-05
692 2.26284e-05
693 2.26284e-05
694 2.26284e-05
695 2.26284e-05
696 2.26284e-05
697 2.26284e-05
698 2.26284e-05
699 2.26284e-05
700 2.26284e-05
701 2.26284e-05
702 2.26284e-05
703 2.26284e-05
704 2.26284e-05
705 2.26284e-05
706 2.26284e-05
707 2.26284e-05
708 2.26284e-05
709 2.26284e-05
710 2.26284e-05
711 2.26284e-05
712 2.26284e-05
713 2.26284e-05
714 2.26284e-05
715 1.96947e-05
716 1.96947e-05
717 1.96947e-05
718 1.96947e-05
719 1.96947e-05
720 1.96947e-05
721 1.96947e-05
722 1.96947e-05
723 1.96947e-05
724 1.96947e-05
725 1.96947e-05
726 1.96947e-05
727 1.96947e-05
728 1.96947e-05
729 1.96947e-05
730 1.96947e-05
731 1.96947e-05
732 1.96947e-05
733 1.96947e-05
734 1.96947e-05
735 1.96947e-05
736 1.96947e-05
737 1.96947e-05
738 1.96947e-05
739 1.96947e-05
740 1.96947e-05
741 1.96947e-05
742 1.96947e-05
743 1.96947e-05
744 1.96947e-05
745 1.96947e-05
746 1.96947e-05
747 1.96947e-05
748 1.96947e-05
749 1.96947e-05
750 1.96947e-05
751 1.96947e-05
752 1.96947e-05
753 1.96947e-05
754 1.96947e-05
755 1.96947e-05
756 1.96947e-05
757 1.96947e-05
758 1.96947e-05
759 1.96947e-05
760 1.96947e-05
761 1.96947e-05
762 1.96947e-05
763 1.96947e-05
764 1.96947e-05
765 1.96947e-05
766 1.96947e-05
767 1.96947e-05
768 1.96947e-05
769 1.96947e-05
770 1.96947e-05
771 1.96947e-05
772 2.04769e-05
773 2.04769e-05
774 2.04769e-05
775 2.04769e-05
776 2.04769e-05
777 2.04769e-05
778 2.04769e-05
779 2.04769e-05
780 2.04769e-05
781 2.04769e-05
782 2.04769e-05
783 2.04769e-05
784 2.04769e-05
785 2.04769e-05
786 2.04769e-05
787 2.04769e-05
788 2.04769e-05
789 2.04769e-05
790 2.04769e-05
791 2.04769e-05
792 2.04769e-05
793 2.04769e-05
794 2.04769e-05
795 2.04769e-05
796 2.04769e-05
797 2.04769e-05
798 2.04769e-05
799 2.04769e-05
800 2.04769e-05
801 2.04769e-05
802 2.04769e-05
803 2.04769e-05
804 2.04769e-05
805 2.04769e-05
806 2.04769e-05
807 2.04769e-05
808 2.04769e-05
809 2.04769e-05
810 2.04769e-05
811 2.04769e-05
812 2.04769e-05
813 2.04769e-05
814 2.04769e-05
815 2.04769e-05
816 2.04769e-05
817 2.04769e-05
818 2.04769e-05
819 2.04769e-05
820 2.04769e-05
821 2.04769e-05
822 2.04769e-05
823 2.04769e-05
824 2.04769e-05
825 2.04769e-05
826 2.04769e-05
827 2.04769e-05
828 2.04769e-05
829 2.74422e-05
830 2.74422e-05
831 2.74422e-05
832 2.74422e-05
833 2.74422e-05
834 2.74422e-05
835 2.74422e-05
836 2.74422e-05
837 2.74422e-05
838 2.74422e-05
839 2.74422e-05
840 2.74422e-05
841 2.74422e-05
842 2.74422e-05
843 2.74422e-05
844 2.74422e-05
845 2.74422e-05
846 2.74422e-05
847 2.74422e-05
848 2.74422e-05
849 2.74422e-05
850 2.74422e-05
851 2.74422e-05
852 2.74422e-05
853 2.74422e-05
854 2.74422e-05
855 2.74422e-05
856 2.74422e-05
857 2.74422e-05
858 2.74422e-05
859 2.74422e-05
860 2.74422e-05
861 2.74422e-05
862 2.74422e-05
863 2.74422e-05
864 2.74422e-05
865 2.74422e-05
866 2.74423e-05
867 2.74423e-05
868 2.7443e-05
869 2.7443e-05
870 2.74464e-05
871 2.74464e-05
872 2.74603e-05
873 2.74603e-05
874 2.75104e-05
875 2.75104e-05
876 2.76712e-05
877 2.76712e-05
878 2.81324e-05
879 2.81324e-05
880 2.93256e-05
881 2.93256e-05
882 3.21217e-05
883 3.21217e-05
884 3.80796e-05
885 3.80796e-05
886 4.96598e-05
887 9.49718e-05
888 0.000130575
889 0.000130575
890 0.00018788
891 0.00018788
892 0.000273361
893 0.000273361
894 0.000392117
895 0.000392117
896 0.000546826
897 0.000546826
898 0.000737648
899 0.000737648
900 0.000963483
901 0.000963483
902 0.00122448
903 0.00122448
904 0.00152513
905 0.00152513
906 0.00187718
907 0.00187718
908 0.00230165
909 0.00230165
910 0.00282997
911 0.00282997
912 0.00350485
913 0.00350485
914 0.00438151
915 0.00438151
916 0.00552827
917 0.00552827
918 0.0070187
919 0.0070187
920 0.00891347
921 0.00891347
922 0.0112464
923 0.0112464
924 0.0140238
925 0.0140238
926 0.0172312
927 0.0172312
928 0.0208418
929 0.0208418
930 0.024821
931 0.024821
932 0.0291293
933 0.0291293
934 0.033723
935 0.033723
936 0.0385543
937 0.0385543
938 0.0435713
939 0.0435713
940 0.0487188
941 0.0487188
942 0.0539419
943 0.0539419
944 0.141413
945 0.141413
946 0.15518
947 0.15518
948 0.169043
949 0.169043
950 0.182983
951 0.182983
952 0.196996
953 0.196996
954 0.211081
955 0.211081
956 0.225218
957 0.225218
958 0.239361
959 0.239361
960 0.25344
961 0.25344
962 0.267367
963 0.267367
964 0.281051
965 0.281051
966 0.294402
967 0.294402
968 0.30733
969 0.30733
970 0.319713
971 0.319713
972 0.331322
973 0.331322
974 0.341772
975 0.341772
976 0.350702
977 0.350702
978 0.357971
979 0.357971
980 0.363619
981 0.363619
982 0.367763
983 0.367763
984 0.370527
985 0.370527
986 0.372022
987 0.372022
988 0.372394
989 0.372394
990 0.371848
991 0.371848
992 0.370525
993 0.370525
994 0.368457
995 0.368457
996 0.365814
997 0.365814
998 0.363118
999 0.363118
1000 0.361849
1001 0
1002 0
1003 0
1004 0
1005 0
1006 0
1007 0
1008 0
1009 0
1010 0
1011 0
1012 0
1013 0
1014 0
1015 0
1016 0
1017 0
1018 0
1019 0
1020 0
1021 0
1022 0
1023 0
1024 0
1025 0
1026 0
1027 0
1028 0
1029 0
1030 0
1031 0
1032 0
1033 0
1034 0
1035 0
1036 0
1037 0
1038 0
1039 0
1040 0
1041 0
1042 0
1043 0
1044 0
1045 0
1046 0
1047 0
1048 0
1049 0
1050 0
1051 0
1052 0
1053 0
1054 0
1055 0
1056 0
1057 0
1058 0
1059 0
1060 0
1061 0
1062 0
1063 0
1064 0
1065 0
1066 0
1067 0
1068 0
1069 0
1070 0
1071 0
1072 0
1073 0
1074 0
1075 0
1076 0
1077 0
1078 0
1079 0
1080 0
1081 0
1082 0
1083 0
1084 0
1085 0
1086 0
1087 0
1088 0
1089 0
1090 0
1091 0
1092 0
1093 0
1094 0
1095 0
1096 0
1097 0
1098 0
1099 0
1100 0
1101 0
1102 0
1103 0
1104 0
1105 0
1106 0
1107 0
1108 0
1109 0
1110 0
1111 0
1112 0
1113 0
1114 0
1115 0
1116 0
1117 0
1118 0
1119 0
1120 0
1121 0
1122 0
1123 0
1124 0
1125 0
1126 0
1127 0
1128 0
1129 0
1130 0
1131 0
1132 0
1133 0
1134 0
1135 0
1136 0
1137 0
1138 0
1139 0
1140 0
1141 0
1142 0
1143 0
1144 0
1145 0
1146 0
1147 0
1148 0
1149 0
1150 0
1151 0
1152 0
1153 0
1154 0
1155 0
1156 0
1157 0
1158 0
1159 0
1160 0
1161 0
1162 0
1163 0
1164 0
1165 0
1166 0
1167 0
1168 0
1169 0
1170 0
1171 0
1172 0
1173 0
1174 0
1175 0
1176 0
1177 0
1178 0
1179 0
1180 0
1181 0
1182 0
1183 0
1184 0
1185 0
1186 0
1187 0
1188 0
1189 0
1190 0
1191 0
1192 0
1193 0
1194 0
1195 0
1196 0
1197 0
1198 0
1199 0
1200 0
1201 0
1202 0
1203 0
1204 0
1205 0
1206 0
1207 0
1208 0
1209 0
1210 0
1211 0
1212 0
1213 0
1214 0
1215 0
1216 0
1217 0
1218 0
1219 0
1220 0
1221 0
1222 0
1223 0
1224 0
1225 0
1226 0
1227 0
1228 0
1229 0
1230 0
1231 0
1232 0
1233 0
1234 0
1235 0
1236 0
1237 0
1238 0
1239 0
1240 0
1241 0
1242 0
1243 0
1244 0
1245 0
1246 0
1247 0
1248 0
1249 0
1250 0
1251 0
1252 0
1253 0
1254 0
1255 0
1256 0
1257 0
1258 0
1259 0
1260 0
1261 0
1262 0
1263 0
1264 0
1265 0
1266 0
1267 0
1268 0
1269 0
1270 0
1271 0
1272 0
1273 0
1274 0
1275 0
1276 0
1277 0
1278 0
1279 0
1280 0
1281 0
1282 0
1283 0
1284 0
1285 0
1286 0
1287 0
1288 0
1289 0
1290 0
1291 0
1292 0
1293 0
1294 0
1295 0
1296 0
1297 0
1298 0
1299 0
1300 0
1301 0
1302 0
1303 0
1304 0
1305 0
1306 0
1307 0
1308 0
1309 0
1310 0
1311 0
1312 0
1313 0
1314 0
1315 0
1316 0
1317 0
1318 0
1319 0
1320 0
1321 0
1322 0
1323 0
1324 0
1325 0
1326 0
1327 0
1328 0
1329 0
1330 0
1331 0
1332 0
1333 0
1334 0
1335 0
1336 0
1337 0
1338 0
1339 0
1340 0
1341 0
1342 0
1343 0
1344 0
1345 0
1346 0
1347 0
1348 0
1349 0
1350 0
1351 0
1352 0
1353 0
1354 0
1355 0
1356 0
1357 0
1358 0
1359 0
1360 0
1361 0
1362 0
1363 0
1364 0
1365 0
1366 0
1367 0
1368 0
1369 0
1370 0
1371 0
1372 0
1373 0
1374 0
1375 0
1376 0
1377 0
1378 0
1379 0
1380 0
1381 0
1382 0
1383 0
1384 0
1385 0
1386 0
1387 0
1388 0
1389 0
1390 0
1391 0
1392 0
1393 0
1394 0
1395 0
1396 0
1397 0
1398 0
1399 0
1400 0
1401 0
1402 0
1403 0
1404 0
1405 0
1406 0
1407 0
1408 0
1409 0
1410 0
1411 0
1412 0
1413 0
1414 0
1415 0
1416 0
1417 0
1418 0
1419 0
1420 0
1421 0
1422 0
1423 0
1424 0
1425 0
1426 0
1427 0
1428 0
1429 0
1430 0
1431 0
1432 0
1433 0
1434 0
1435 0
1436 0
1437 0
1438 0
1439 0
1440 0
1441 0
1442 0
1443 0
1444 0
1445 0
1446 0
1447 0
1448 0
1449 0
1450 0
1451 0
1452 0
1453 0
1454 0
1455 0
1456 0
1457 0
1458 0
1459 0
1460 0
1461 0
1462 0
1463 0
1464 0
1465 0
1466 0
1467 0
1468 0
1469 0
1470 0
1471 0
1472 0
1473 0
1474 0
1475 0
1476 0
1477 0
1478 0
1479 0
1480 0
1481 0
1482 0
1483 0
1484 0
1485 0
1486 0
1487 0
1488 0
1489 0
1490 0
1491 0
1492 0
1493 0
1494 0
1495 0
1496 0
1497 0
1498 0
1499 0
1500 0
1501 0
1502 0
1503 0
1504 0
1505 0
1506 0
1507 0
1508 0
1509 0
1510 0
1511 0
1512 0
1513 0
1514 0
1515 0
1516 0
1517 0
1518 0
1519 0
1520 0
1521 0
1522 0
1523 0
1524 0
1525 0
1526 0
1527 0
1528 0
1529 0
1530 0
1531 0
1532 0
1533 0
1534 0
1535 0
1536 0
1537 0
1538 0
1539 0
1540 0
1541 0
1542 0
1543 0
1544 0
1545 0
1546 0
1547 0
1548 0
1549 0
1550 0
1551 0
1552 0
1553 0
1554 0
1555 0
1556 0
1557 0
1558 0
1559 0
1560 0
1561 0
1562 0
1563 0
1564 0
1565 0
1566 0
1567 0
1568 0
1569 0
1570 0
1571 0
1572 0
1573 0
1574 0
1575 0
1576 0
1577 0
1578 0
1579 0
1580 0
1581 0
1582 0
1583 0
1584 0
1585 0
1586 0
1587 0
1588 0
1589 0
1590 0
1591 0
1592 0
1593 0
1594 0
1595 0
1596 0
1597 0
1598 0
1599 0
1600 0
1601 0
1602 0
1603 0
1604 0
1605 0
1606 0
1607 0
1608 0
1609 0
1610 0
1611 0
1612 0
1613 0
1614 0
1615 0
1616 0
1617 0
1618 0
1619 0
1620 0
1621 0
1622 0
1623 0
1624 0
1625 0
1626 0
1627 0
1628 0
1629 0
1630 0
1631 0
1632 0
1633 0
1634 0
1635 0
1636 0
1637 0
1638 0
1639 0
1640 0
1641 0
1642 0
1643 0
1644 0
1645 0
1646 0
1647 0
1648 0
1649 0
1650 0
1651 0
1652 0
1653 0
1654 0
1655 0
1656 0
1657 0
1658 0
1659 0
1660 0
1661 0
1662 0
1663 0
1664 0
1665 0
1666 0
1667 0
1668 0
1669 0
1670 0
1671 0
1672 0
1673 0
1674 0
1675 0
1676 0
1677 0
1678 0
1679 0
1680 0
1681 0
1682 0
1683 0
1684 0
1685 0
1686 0
1687 0
1688 0
1689 0
1690 0
1691 0
1692 0
1693 0
1694 0
1695 0
1696 0
1697 0
1698 0
1699 0
1700 0
1701 0
1702 0
1703 0
1704 0
1705 0
1706 0
1707 0
1708 0
1709 0
1710 0
1711 0
1712 0
1713 0
1714 0
1715 0
1716 0
1717 0
1718 0
1719 0
1720 0
1721 0
1722 0
1723 0
1724 0
1725 0
1726 0
1727 0
1728 0
1729 0
1730 0
1731 0
1732 0
1733 0
1734 0
1735 0
1736 0
1737 0
1738 0
1739 0
1740 0
1741 0
1742 0
1743 0
1744 0
1745 0
1746 0
1747 0
1748 0
1749 0
1750 0
1751 0
1752 0
1753 0
1754 0
1755 0
1756 0
1757 0
1758 0
1759 0
1760 0
1761 0
1762 0
1763 0
1764 0
1765 0
1766 0
1767 0
1768 0
1769 0
1770 0
1771 0
1772 0
1773 0
1774 0
1775 0
1776 0
1777 0
1778 0
1779 0
1780 0
1781 0
1782 0
1783 0
1784 0
1785 0
1786 0
1787 0
1788 0
1789 0
1790 0
1791 0
1792 0
1793 0
1794 0
1795 0
1796 0
1797 0
1798 0
1799 0
1800 0
1801 0
1802 0
1803 0
1804 0
1805 0
1806 0
1807 0
1808 0
1809 0
1810 0
1811 0
1812 0
1813 0
1814 0
1815 0
1816 0
1817 0
1818 0
1819 0
1820 0
1821 0
1822 0
1823 0
1824 0
1825 0
1826 0
1827 0
1828 0
1829 0
1830 0
1831 0
1832 0
1833 0
1834 0
1835 0
1836 0
1837 0
1838 0
1839 0
1840 0
1841 0
1842 0
1843 0
1844 0
1845 0
1846 0
1847 0
1848 0
1849 0
1850 0
1851 0
1852 0
1853 0
1854 0
1855 0
1856 0
1857 0
1858 0
1859 0
1860 0
1861 0
1862 0
1863 0
1864 0
1865 0
1866 0
1867 0
1868 0
1869 0
1870 0
1871 0
1872 0
1873 0
1874 0
1875 0
1876 0
1877 0
1878 0
1879 0
1880 0
1881 0
1882 0
1883 0
1884 0
1885 0
1886 0
1887 0
1888 0
1889 0
1890 0
1891 0
1892 0
1893 0
1894 0
1895 0
1896 0
1897 0
1898 0
1899 0
1900 0
1901 0
1902 0
1903 0
1904 0
1905 0
1906 0
1907 0
1908 0
1909 0
1910 0
1911 0
1912 0
1913 0
1914 0
1915 0
1916 0
1917 0
1918 0
1919 0
1920 0
1921 0
1922 0
1923 0
1924 0
1925 0
1926 0
1927 0
1928 0
1929 0
1930 0
1931 0
1932 0
1933 0
1934 0
1935 0
1936 0
1937 0
1938 0
1939 0
1940 0
1941 0
1942 0
1943 0
1944 0
1945 0
1946 0
1947 0
1948 0
1949 0
1950 0
1951 0
1952 0
1953 0
1954 0
1955 0
1956 0
1957 0
1958 0
1959 0
1960 0
1961 0
1962 0
1963 0
1964 0
1965 0
1966 0
1967 0
1968 0
1969 0
1970 0
1971 0
1972 0
1973 0
1974 0
1975 0
1976 0
1977 0
1978 0
1979 0
1980 0
1981 0
1982 0
1983 0
1984 0
1985 0
1986 0
1987 0
1988 0
1989 0
1990 0
1991 0
1992 0
1993 0
1994 0
1995 0
1996 0
1997 0
1998 0
1999 0
2000 0
