0 -2.61182e-07
1 -2.61182e-07
2 -2.61182e-07
3 -2.61182e-07
4 -2.61182e-07
5 -2.61182e-07
6 -2.61182e-07
7 -2.61182e-07
8 -2.61182e-07
9 -2.88219e-07
10 -2.88219e-07
11 -2.88219e-07
12 -2.88219e-07
13 -2.88219e-07
14 -2.88219e-07
15 -2.88219e-07
16 -2.88219e-07
17 -2.88219e-07
18 -2.88219e-07
19 -2.88219e-07
20 -2.88219e-07
21 -2.88219e-07
22 -2.88219e-07
23 -2.88219e-07
24 -2.88219e-07
25 -2.88219e-07
26 -2.88219e-07
27 -2.88219e-07
28 -2.88219e-07
29 -2.88219e-07
30 -2.88219e-07
31 -2.88219e-07
32 -2.88219e-07
33 -2.88219e-07
34 -2.88219e-07
35 -2.88219e-07
36 -2.88219e-07
37 -2.88219e-07
38 -2.88219e-07
39 -2.88219e-07
40 -2.88219e-07
41 -2.88219e-07
42 -2.88219e-07
43 -2.88219e-07
44 -2.88219e-07
45 -2.88219e-07
46 -2.88219e-07
47 -2.64274e-07
48 -2.64274e-07
49 -2.64274e-07
50 -2.64274e-07
51 -2.64274e-07
52 -2.64274e-07
53 -2.64274e-07
54 -2.64274e-07
55 -2.64274e-07
56 -2.64274e-07
57 -2.64274e-07
58 -2.64274e-07
59 -2.64274e-07
60 -2.64274e-07
61 -2.64274e-07
62 -2.64274e-07
63 -2.64274e-07
64 -2.64274e-07
65 -2.64274e-07
66 -2.64274e-07
67 -2.64274e-07
68 -2.64274e-07
69 -2.64274e-07
70 -2.64274e-07
71 -2.64274e-07
72 -2.64274e-07
73 -2.64274e-07
74 -2.64274e-07
75 -2.64274e-07
76 -2.64274e-07
77 -2.64274e-07
78 -2.64274e-07
79 -2.64274e-07
80 -2.64274e-07
81 -2.64274e-07
82 -2.64274e-07
83 -2.64274e-07
84 -2.64274e-07
85 -2.05546e-07
86 -2.05546e-07
87 -2.05546e-07
88 -2.05546e-07
89 -2.05546e-07
90 -2.05546e-07
91 -2.05546e-07
92 -2.05546e-07
93 -2.05546e-07
94 -2.05546e-07
95 -2.05546e-07
96 -2.05546e-07
97 -2.05546e-07
98 -2.05546e-07
99 -2.05546e-07
100 -2.05546e-07
101 -2.05546e-07
102 -2.05546e-07
103 -2.05546e-07
104 -2.05546e-07
105 -2.05546e-07
106 -2.05546e-07
107 -2.05546e-07
108 -2.05546e-07
109 -2.05546e-07
110 -2.05546e-07
111 -2.05546e-07
112 -2.05546e-07
113 -2.05546e-07
114 -2.05546e-07
115 -2.05546e-07
116 -2.05546e-07
117 -2.05546e-07
118 -2.05546e-07
119 -2.05546e-07
120 -2.05546e-07
121 -2.05546e-07
122 -2.05546e-07
123 -1.16623e-07
124 -1.16623e-07
125 -1.16623e-07
126 -1.16623e-07
127 -1.16623e-07
128 -1.16623e-07
129 -1.16623e-07
130 -1.16623e-07
131 -1.16623e-07
132 -1.16623e-07
133 -1.16623e-07
134 -1.16623e-07
135 -1.16623e-07
136 -1.16623e-07
137 -1.16623e-07
138 -1.16623e-07
139 -1.16623e-07
140 -1.16623e-07
141 -1.16623e-07
142 -1.16623e-07
143 -1.16623e-07
144 -1.16623e-07
145 -1.16623e-07
146 -1.16623e-07
147 -1.16623e-07
148 -1.16623e-07
149 -1.16623e-07
150 -1.16623e-07
151 -1.16623e-07
152 -1.16623e-07
153 -1.16623e-07
154 -1.16623e-07
155 -1.16623e-07
156 -1.16623e-07
157 -1.16623e-07
158 -1.16623e-07
159 -1.16623e-07
160 -1.16623e-07
161 -2.64498e-08
162 -2.64498e-08
163 -2.64498e-08
164 -2.64498e-08
165 -2.64498e-08
166 -2.64498e-08
167 -2.64498e-08
168 -2.64498e-08
169 -2.64498e-08
170 -2.64498e-08
171 -2.64498e-08
172 -2.64498e-08
173 -2.64498e-08
174 -2.64498e-08
175 -2.64498e-08
176 -2.64498e-08
177 -2.64498e-08
178 -2.64498e-08
179 -2.64498e-08
180 -2.64498e-08
181 -2.64498e-08
182 -2.64498e-08
183 -2.64498e-08
184 -2.64498e-08
185 -2.64498e-08
186 -2.64498e-08
187 -2.64498e-08
188 -2.64498e-08
189 -2.64498e-08
190 -2.64498e-08
191 -2.64498e-08
192 -2.64498e-08
193 -2.64498e-08
194 -2.64498e-08
195 -2.64498e-08
196 -2.64498e-08
197 -2.64498e-08
198 -2.64498e-08
199 6.55516e-08
200 6.55516e-08
201 6.55516e-08
202 6.55516e-08
203 6.55516e-08
204 6.55516e-08
205 6.55516e-08
206 6.55516e-08
207 6.55516e-08
208 6.55516e-08
209 6.55516e-08
210 6.55516e-08
211 6.55516e-08
212 6.55516e-08
213 6.55516e-08
214 6.55516e-08
215 6.55516e-08
216 6.55516e-08
217 6.55516e-08
218 6.55516e-08
219 6.55516e-08
220 6.55516e-08
221 6.55516e-08
222 6.55516e-08
223 6.55516e-08
224 6.55516e-08
225 6.55516e-08
226 6.55516e-08
227 6.55516e-08
228 6.55516e-08
229 6.55516e-08
230 6.55516e-08
231 6.55516e-08
232 6.55516e-08
233 6.55516e-08
234 6.55516e-08
235 6.55516e-08
236 6.55516e-08
237 6.55516e-08
238 1.25782e-07
239 1.25782e-07
240 1.25782e-07
241 1.25782e-07
242 1.25782e-07
243 1.25782e-07
244 1.25782e-07
245 1.25782e-07
246 1.25782e-07
247 1.25782e-07
248 1.25782e-07
249 1.25782e-07
250 1.25782e-07
251 1.25782e-07
252 1.25782e-07
253 1.25782e-07
254 1.25782e-07
255 1.25782e-07
256 1.25782e-07
257 1.25782e-07
258 1.25782e-07
259 1.25782e-07
260 1.25782e-07
261 1.25782e-07
262 1.25782e-07
263 1.25782e-07
264 1.25782e-07
265 1.25782e-07
266 1.25782e-07
267 1.25782e-07
268 1.25782e-07
269 1.25782e-07
270 1.25782e-07
271 1.25782e-07
272 1.25782e-07
273 1.25782e-07
274 1.25782e-07
275 1.25782e-07
276 1.72246e-07
277 1.72246e-07
278 1.72246e-07
279 1.72246e-07
280 1.72246e-07
281 1.72246e-07
282 1.72246e-07
283 1.72246e-07
284 1.72246e-07
285 1.72246e-07
286 1.72246e-07
287 1.72246e-07
288 1.72246e-07
289 1.72246e-07
290 1.72246e-07
291 1.72246e-07
292 1.72246e-07
293 1.72246e-07
294 1.72246e-07
295 1.72246e-07
296 1.72246e-07
297 1.72246e-07
298 1.72246e-07
299 1.72246e-07
300 1.72246e-07
301 1.72246e-07
302 1.72246e-07
303 1.72246e-07
304 1.72246e-07
305 1.72246e-07
306 1.72246e-07
307 1.72246e-07
308 1.72246e-07
309 1.72246e-07
310 1.72246e-07
311 1.72246e-07
312 1.72246e-07
313 1.72246e-07
314 1.70089e-07
315 1.70089e-07
316 1.70089e-07
317 1.70089e-07
318 1.70089e-07
319 1.70089e-07
320 1.70089e-07
321 1.70089e-07
322 1.70089e-07
323 1.70089e-07
324 1.70089e-07
325 1.70089e-07
326 1.70089e-07
327 1.70089e-07
328 1.70089e-07
329 1.70089e-07
330 1.70089e-07
331 1.70089e-07
332 1.70089e-07
333 1.70089e-07
334 1.70089e-07
335 1.70089e-07
336 1.70089e-07
337 1.70089e-07
338 1.70089e-07
339 1.70089e-07
340 1.70089e-07
341 1.70089e-07
342 1.70089e-07
343 1.70089e-07
344 1.70089e-07
345 1.70089e-07
346 1.70089e-07
347 1.70089e-07
348 1.70089e-07
349 1.70089e-07
350 1.70089e-07
351 1.70089e-07
352 1.6049e-07
353 1.6049e-07
354 1.6049e-07
355 1.6049e-07
356 1.6049e-07
357 1.6049e-07
358 1.6049e-07
359 1.6049e-07
360 1.6049e-07
361 1.6049e-07
362 1.6049e-07
363 1.6049e-07
364 1.6049e-07
365 1.6049e-07
366 1.6049e-07
367 1.6049e-07
368 1.6049e-07
369 1.6049e-07
370 1.6049e-07
371 1.6049e-07
372 1.6049e-07
373 1.6049e-07
374 1.6049e-07
375 1.6049e-07
376 1.6049e-07
377 1.6049e-07
378 1.6049e-07
379 1.6049e-07
380 1.6049e-07
381 1.6049e-07
382 1.6049e-07
383 1.6049e-07
384 1.6049e-07
385 1.6049e-07
386 1.6049e-07
387 1.6049e-07
388 1.6049e-07
389 1.6049e-07
390 1.04215e-07
391 1.04215e-07
392 1.04215e-07
393 1.04215e-07
394 1.04215e-07
395 1.04215e-07
396 1.04215e-07
397 1.04215e-07
398 1.04215e-07
399 1.04215e-07
400 1.04215e-07
401 1.04215e-07
402 1.04215e-07
403 1.04215e-07
404 1.04215e-07
405 1.04215e-07
406 1.04215e-07
407 1.04215e-07
408 1.04215e-07
409 1.04215e-07
410 1.04215e-07
411 1.04215e-07
412 1.04215e-07
413 1.04215e-07
414 1.04215e-07
415 1.04215e-07
416 1.04215e-07
417 1.04215e-07
418 1.04215e-07
419 1.04215e-07
420 1.04215e-07
421 1.04215e-07
422 1.04215e-07
423 1.04215e-07
424 1.04215e-07
425 1.04215e-07
426 1.04215e-07
427 1.04215e-07
428 6.35262e-08
429 6.35262e-08
430 6.35262e-08
431 6.35262e-08
432 6.35262e-08
433 6.35262e-08
434 6.35262e-08
435 6.35262e-08
436 6.35262e-08
437 6.35262e-08
438 6.35262e-08
439 6.35262e-08
440 6.35262e-08
441 6.35262e-08
442 6.35262e-08
443 6.35262e-08
444 6.35262e-08
445 6.35262e-08
446 6.35262e-08
447 6.35262e-08
448 6.35262e-08
449 6.35262e-08
450 6.35262e-08
451 6.35262e-08
452 6.35262e-08
453 6.35262e-08
454 6.35262e-08
455 6.35262e-08
456 6.35262e-08
457 6.35262e-08
458 6.35262e-08
459 6.35262e-08
460 6.35262e-08
461 6.35262e-08
462 6.35262e-08
463 6.35262e-08
464 6.35262e-08
465 6.35262e-08
466 6.35262e-08
467 -1.17986e-08
468 -1.17986e-08
469 -1.17986e-08
470 -1.17986e-08
471 -1.17986e-08
472 -1.17986e-08
473 -1.17986e-08
474 -1.17986e-08
475 -1.17986e-08
476 -1.17986e-08
477 -1.17986e-08
478 -1.17986e-08
479 -1.17986e-08
480 -1.17986e-08
481 -1.17986e-08
482 -1.17986e-08
483 -1.17986e-08
484 -1.17986e-08
485 -1.17986e-08
486 -1.17986e-08
487 -1.17986e-08
488 -1.17986e-08
489 -1.17986e-08
490 -1.17986e-08
491 -1.17986e-08
492 -1.17986e-08
493 -1.17986e-08
494 -1.17986e-08
495 -1.17986e-08
496 -1.17986e-08
497 -1.17986e-08
498 -1.17986e-08
499 -1.17986e-08
500 -1.17986e-08
501 -1.17986e-08
502 -1.17986e-08
503 -1.17986e-08
504 -1.17986e-08
505 -4.57204e-08
506 -4.57204e-08
507 -4.57204e-08
508 -4.57204e-08
509 -4.57204e-08
510 -4.57204e-08
511 -4.57204e-08
512 -4.57204e-08
513 -4.57204e-08
514 -4.57204e-08
515 -4.57204e-08
516 -4.57204e-08
517 -4.57204e-08
518 -4.57204e-08
519 -4.57204e-08
520 -4.57204e-08
521 -4.57204e-08
522 -4.57204e-08
523 -4.57204e-08
524 -4.57204e-08
525 -4.57204e-08
526 -4.57204e-08
527 -4.57204e-08
528 -4.57204e-08
529 -4.57204e-08
530 -4.57204e-08
531 -4.57204e-08
532 -4.57204e-08
533 -4.57204e-08
534 -4.57204e-08
535 -4.57204e-08
536 -4.57204e-08
537 -4.57204e-08
538 -4.57204e-08
539 -4.57204e-08
540 -4.57204e-08
541 -4.57204e-08
542 -4.57204e-08
543 -1.04506e-07
544 -1.04506e-07
545 -1.04506e-07
546 -1.04506e-07
547 -1.04506e-07
548 -1.04506e-07
549 -1.04506e-07
550 -1.04506e-07
551 -1.04506e-07
552 -1.04506e-07
553 -1.04506e-07
554 -1.04506e-07
555 -1.04506e-07
556 -1.04506e-07
557 -1.04506e-07
558 -1.04506e-07
559 -1.04506e-07
560 -1.04506e-07
561 -1.04506e-07
562 -1.04506e-07
563 -1.04506e-07
564 -1.04506e-07
565 -1.04506e-07
566 -1.04506e-07
567 -1.04506e-07
568 -1.04506e-07
569 -1.04506e-07
570 -1.04506e-07
571 -1.04506e-07
572 -1.04506e-07
573 -1.04506e-07
574 -1.04506e-07
575 -1.04506e-07
576 -1.04506e-07
577 -1.04506e-07
578 -1.04506e-07
579 -1.04506e-07
580 -1.04506e-07
581 -1.03556e-07
582 -1.03556e-07
583 -1.03556e-07
584 -1.03556e-07
585 -1.03556e-07
586 -1.03556e-07
587 -1.03556e-07
588 -1.03556e-07
589 -1.03556e-07
590 -1.03556e-07
591 -1.03556e-07
592 -1.03556e-07
593 -1.03556e-07
594 -1.03556e-07
595 -1.03556e-07
596 -1.03556e-07
597 -1.03556e-07
598 -1.03556e-07
599 -1.03556e-07
600 -1.03556e-07
601 -1.03556e-07
602 -1.03556e-07
603 -1.03556e-07
604 -1.03556e-07
605 -1.03556e-07
606 -1.03556e-07
607 -1.03556e-07
608 -1.03556e-07
609 -1.03556e-07
610 -1.03556e-07
611 -1.03556e-07
612 -1.03556e-07
613 -1.03556e-07
614 -1.03556e-07
615 -1.03556e-07
616 -1.03556e-07
617 -1.03556e-07
618 -1.03556e-07
619 -1.28283e-07
620 -1.28283e-07
621 -1.28283e-07
622 -1.28283e-07
623 -1.28283e-07
624 -1.28283e-07
625 -1.28283e-07
626 -1.28283e-07
627 -1.28283e-07
628 -1.28283e-07
629 -1.28283e-07
630 -1.28283e-07
631 -1.28283e-07
632 -1.28283e-07
633 -1.28283e-07
634 -1.28283e-07
635 -1.28283e-07
636 -1.28283e-07
637 -1.28283e-07
638 -1.28283e-07
639 -1.28283e-07
640 -1.28283e-07
641 -1.28283e-07
642 -1.28283e-07
643 -1.28283e-07
644 -1.28283e-07
645 -1.28283e-07
646 -1.28283e-07
647 -1.28283e-07
648 -1.28283e-07
649 -1.28283e-07
650 -1.28283e-07
651 -1.28283e-07
652 -1.28283e-07
653 -1.28283e-07
654 -1.28283e-07
655 -1.28283e-07
656 -1.28283e-07
657 -6.59434e-08
658 -6.59434e-08
659 -6.59434e-08
660 -6.59434e-08
661 -6.59434e-08
662 -6.59434e-08
663 -6.59434e-08
664 -6.59434e-08
665 -6.59434e-08
666 -6.59434e-08
667 -6.59434e-08
668 -6.59434e-08
669 -6.59434e-08
670 -6.59434e-08
671 -6.59434e-08
672 -6.59434e-08
673 -6.59434e-08
674 -6.59434e-08
675 -6.59434e-08
676 -6.59434e-08
677 -6.59434e-08
678 -6.59434e-08
679 -6.59434e-08
680 -6.59434e-08
681 -6.59434e-08
682 -6.59434e-08
683 -6.59434e-08
684 -6.59434e-08
685 -6.59434e-08
686 -6.59434e-08
687 -6.59434e-08
688 -6.59434e-08
689 -6.59434e-08
690 -6.59434e-08
691 -6.59434e-08
692 -6.59434e-08
693 -6.59434e-08
694 -6.59434e-08
695 -6.59434e-08
696 -5.13426e-08
697 -5.13426e-08
698 -5.13426e-08
699 -5.13426e-08
700 -5.13426e-08
701 -5.13426e-08
702 -5.13426e-08
703 -5.13426e-08
704 -5.13426e-08
705 -5.13426e-08
706 -5.13426e-08
707 -5.13426e-08
708 -5.13426e-08
709 -5.13426e-08
710 -5.13426e-08
711 -5.13426e-08
712 -5.13426e-08
713 -5.13426e-08
714 -5.13426e-08
715 -5.13426e-08
716 -5.13426e-08
717 -5.13426e-08
718 -5.13426e-08
719 -5.13426e-08
720 -5.13426e-08
721 -5.13426e-08
722 -5.13426e-08
723 -5.13426e-08
724 -5.13426e-08
725 -5.13426e-08
726 -5.13426e-08
727 -5.13426e-08
728 -5.13426e-08
729 -5.13426e-08
730 -5.13426e-08
731 -5.13426e-08
732 -5.13427e-08
733 -5.13427e-08
734 2.06416e-07
735 2.06416e-07
736 2.06416e-07
737 2.06416e-07
738 2.06416e-07
739 2.06416e-07
740 2.06416e-07
741 2.06416e-07
742 2.06416e-07
743 2.06416e-07
744 2.06416e-07
745 2.06416e-07
746 2.06416e-07
747 2.06416e-07
748 2.06416e-07
749 2.06416e-07
750 2.06415e-07
751 2.06415e-07
752 2.06417e-07
753 2.06417e-07
754 2.06423e-07
755 2.06423e-07
756 2.06447e-07
757 2.06447e-07
758 2.06517e-07
759 2.06517e-07
760 2.06704e-07
761 2.06704e-07
762 2.07165e-07
763 2.07165e-07
764 2.08222e-07
765 2.08222e-07
766 2.10512e-07
767 2.10512e-07
768 2.15214e-07
769 2.15214e-07
770 2.24402e-07
771 2.24402e-07
772 4.42086e-07
773 4.42086e-07
774 5.26056e-07
775 5.26056e-07
776 6.63974e-07
777 6.63974e-07
778 8.82539e-07
779 8.82539e-07
780 1.2171e-06
781 1.2171e-06
782 1.71237e-06
783 1.71237e-06
784 2.42245e-06
785 2.42245e-06
786 3.41009e-06
787 3.41009e-06
788 4.74506e-06
789 4.74506e-06
790 6.50196e-06
791 6.50196e-06
792 8.75742e-06
793 8.75742e-06
794 1.15869e-05
795 1.15869e-05
796 1.50606e-05
797 1.50606e-05
798 1.92393e-05
799 1.92393e-05
800 2.41689e-05
801 2.41689e-05
802 2.98753e-05
803 2.98753e-05
804 3.63603e-05
805 3.63603e-05
806 4.35995e-05
807 4.35995e-05
808 5.15439e-05
809 5.15439e-05
810 0.00012474
811 0.00012474
812 0.000143707
813 0.000143707
814 0.000163821
815 0.000163821
816 0.00018495
817 0.00018495
818 0.00020696
819 0.00020696
820 0.000229706
821 0.000229706
822 0.000253022
823 0.000253022
824 0.000276713
825 0.000276713
826 0.000300556
827 0.000300556
828 0.000324317
829 0.000324317
830 0.000347779
831 0.000347779
832 0.000370787
833 0.000370787
834 0.000393288
835 0.000393288
836 0.000415359
837 0.000415359
838 0.000437212
839 0.000437212
840 0.000459156
841 0.000459156
842 0.000481534
843 0.000481534
844 0.00050465
845 0.00050465
846 0.000528707
847 0.000528707
848 0.00108711
849 0.00108711
850 0.00113822
851 0.00113822
852 0.00119174
853 0.00119174
854 0.00124816
855 0.00124816
856 0.00130829
857 0.00130829
858 0.00137326
859 0.00137326
860 0.00144432
861 0.00144432
862 0.0015226
863 0.0015226
864 0.0016089
865 0.0016089
866 0.00170358
867 0.00170358
868 0.00180666
869 0.00180666
870 0.00191818
871 0.00191818
872 0.00203858
873 0.00203858
874 0.00216917
875 0.00216917
876 0.00231242
877 0.00231242
878 0.00247203
879 0.00247203
880 0.00265271
881 0.00265271
882 0.00285989
883 0.00285989
884 0.00309922
885 0.00309922
886 0.00597864
887 0.00597864
888 0.00653188
889 0.00653188
890 0.00717004
891 0.00717004
892 0.0079073
893 0.0079073
894 0.00876228
895 0.00876228
896 0.00976057
897 0.00976057
898 0.0109381
899 0.0109381
900 0.0123452
901 0.0123452
902 0.0140518
903 0.0140518
904 0.0161555
905 0.0161555
906 0.01879
907 0.01879
908 0.0221156
909 0.0221156
910 0.0262768
911 0.0262768
912 0.0313598
913 0.0313598
914 0.0373826
915 0.0373826
916 0.0443078
917 0.0443078
918 0.0520556
919 0.0520556
920 0.0605127
921 0.0605127
922 0.0695375
923 0.0695375
924 0.0789651
925 0.183632
926 0.209927
927 0.209927
928 0.236687
929 0.236687
930 0.263391
931 0.263391
932 0.289511
933 0.289511
934 0.314545
935 0.314545
936 0.338046
937 0.338046
938 0.35964
939 0.35964
940 0.379033
941 0.379033
942 0.395926
943 0.395926
944 0.409815
945 0.409815
946 0.420144
947 0.420144
948 0.426786
949 0.426786
950 0.430083
951 0.430083
952 0.4305
953 0.4305
954 0.428393
955 0.428393
956 0.423979
957 0.423979
958 0.417434
959 0.417434
960 0.408968
961 0.408968
962 0.398874
963 0.424148
964 0.419041
965 0.419041
966 0.412606
967 0.412606
968 0.405062
969 0.405062
970 0.396171
971 0.396171
972 0.386164
973 0.386164
974 0.374071
975 0.374071
976 0.361275
977 0.361275
978 0.349113
979 0.349113
980 0.324305
981 0.324305
982 0.301684
983 0.301684
984 0.307223
985 0.307223
986 0.310581
987 0.310581
988 0.304955
989 0.304955
990 0.301182
991 0.301182
992 0.296492
993 0.296492
994 0.290233
995 0.290233
996 0.283557
997 0.283557
998 0.278748
999 0.278748
1000 0.276891
1001 0
1002 0
1003 0
1004 0
1005 0
1006 0
1007 0
1008 0
1009 0
1010 0
1011 0
1012 0
1013 0
1014 0
1015 0
1016 0
1017 0
1018 0
1019 0
1020 0
1021 0
1022 0
1023 0
1024 0
1025 0
1026 0
1027 0
1028 0
1029 0
1030 0
1031 0
1032 0
1033 0
1034 0
1035 0
1036 0
1037 0
1038 0
1039 0
1040 0
1041 0
1042 0
1043 0
1044 0
1045 0
1046 0
1047 0
1048 0
1049 0
1050 0
1051 0
1052 0
1053 0
1054 0
1055 0
1056 0
1057 0
1058 0
1059 0
1060 0
1061 0
1062 0
1063 0
1064 0
1065 0
1066 0
1067 0
1068 0
1069 0
1070 0
1071 0
1072 0
1073 0
1074 0
1075 0
1076 0
1077 0
1078 0
1079 0
1080 0
1081 0
1082 0
1083 0
1084 0
1085 0
1086 0
1087 0
1088 0
1089 0
1090 0
1091 0
1092 0
1093 0
1094 0
1095 0
1096 0
1097 0
1098 0
1099 0
1100 0
1101 0
1102 0
1103 0
1104 0
1105 0
1106 0
1107 0
1108 0
1109 0
1110 0
1111 0
1112 0
1113 0
1114 0
1115 0
1116 0
1117 0
1118 0
1119 0
1120 0
1121 0
1122 0
1123 0
1124 0
1125 0
1126 0
1127 0
1128 0
1129 0
1130 0
1131 0
1132 0
1133 0
1134 0
1135 0
1136 0
1137 0
1138 0
1139 0
1140 0
1141 0
1142 0
1143 0
1144 0
1145 0
1146 0
1147 0
1148 0
1149 0
1150 0
1151 0
1152 0
1153 0
1154 0
1155 0
1156 0
1157 0
1158 0
1159 0
1160 0
1161 0
1162 0
1163 0
1164 0
1165 0
1166 0
1167 0
1168 0
1169 0
1170 0
1171 0
1172 0
1173 0
1174 0
1175 0
1176 0
1177 0
1178 0
1179 0
1180 0
1181 0
1182 0
1183 0
1184 0
1185 0
1186 0
1187 0
1188 0
1189 0
1190 0
1191 0
1192 0
1193 0
1194 0
1195 0
1196 0
1197 0
1198 0
1199 0
1200 0
1201 0
1202 0
1203 0
1204 0
1205 0
1206 0
1207 0
1208 0
1209 0
1210 0
1211 0
1212 0
1213 0
1214 0
1215 0
1216 0
1217 0
1218 0
1219 0
1220 0
1221 0
1222 0
1223 0
1224 0
1225 0
1226 0
1227 0
1228 0
1229 0
1230 0
1231 0
1232 0
1233 0
1234 0
1235 0
1236 0
1237 0
1238 0
1239 0
1240 0
1241 0
1242 0
1243 0
1244 0
1245 0
1246 0
1247 0
1248 0
1249 0
1250 0
1251 0
1252 0
1253 0
1254 0
1255 0
1256 0
1257 0
1258 0
1259 0
1260 0
1261 0
1262 0
1263 0
1264 0
1265 0
1266 0
1267 0
1268 0
1269 0
1270 0
1271 0
1272 0
1273 0
1274 0
1275 0
1276 0
1277 0
1278 0
1279 0
1280 0
1281 0
1282 0
1283 0
1284 0
1285 0
1286 0
1287 0
1288 0
1289 0
1290 0
1291 0
1292 0
1293 0
1294 0
1295 0
1296 0
1297 0
1298 0
1299 0
1300 0
1301 0
1302 0
1303 0
1304 0
1305 0
1306 0
1307 0
1308 0
1309 0
1310 0
1311 0
1312 0
1313 0
1314 0
1315 0
1316 0
1317 0
1318 0
1319 0
1320 0
1321 0
1322 0
1323 0
1324 0
1325 0
1326 0
1327 0
1328 0
1329 0
1330 0
1331 0
1332 0
1333 0
1334 0
1335 0
1336 0
1337 0
1338 0
1339 0
1340 0
1341 0
1342 0
1343 0
1344 0
1345 0
1346 0
1347 0
1348 0
1349 0
1350 0
1351 0
1352 0
1353 0
1354 0
1355 0
1356 0
1357 0
1358 0
1359 0
1360 0
1361 0
1362 0
1363 0
1364 0
1365 0
1366 0
1367 0
1368 0
1369 0
1370 0
1371 0
1372 0
1373 0
1374 0
1375 0
1376 0
1377 0
1378 0
1379 0
1380 0
1381 0
1382 0
1383 0
1384 0
1385 0
1386 0
1387 0
1388 0
1389 0
1390 0
1391 0
1392 0
1393 0
1394 0
1395 0
1396 0
1397 0
1398 0
1399 0
1400 0
1401 0
1402 0
1403 0
1404 0
1405 0
1406 0
1407 0
1408 0
1409 0
1410 0
1411 0
1412 0
1413 0
1414 0
1415 0
1416 0
1417 0
1418 0
1419 0
1420 0
1421 0
1422 0
1423 0
1424 0
1425 0
1426 0
1427 0
1428 0
1429 0
1430 0
1431 0
1432 0
1433 0
1434 0
1435 0
1436 0
1437 0
1438 0
1439 0
1440 0
1441 0
1442 0
1443 0
1444 0
1445 0
1446 0
1447 0
1448 0
1449 0
1450 0
1451 0
1452 0
1453 0
1454 0
1455 0
1456 0
1457 0
1458 0
1459 0
1460 0
1461 0
1462 0
1463 0
1464 0
1465 0
1466 0
1467 0
1468 0
1469 0
1470 0
1471 0
1472 0
1473 0
1474 0
1475 0
1476 0
1477 0
1478 0
1479 0
1480 0
1481 0
1482 0
1483 0
1484 0
1485 0
1486 0
1487 0
1488 0
1489 0
1490 0
1491 0
1492 0
1493 0
1494 0
1495 0
1496 0
1497 0
1498 0
1499 0
1500 0
1501 0
1502 0
1503 0
1504 0
1505 0
1506 0
1507 0
1508 0
1509 0
1510 0
1511 0
1512 0
1513 0
1514 0
1515 0
1516 0
1517 0
1518 0
1519 0
1520 0
1521 0
1522 0
1523 0
1524 0
1525 0
1526 0
1527 0
1528 0
1529 0
1530 0
1531 0
1532 0
1533 0
1534 0
1535 0
1536 0
1537 0
1538 0
1539 0
1540 0
1541 0
1542 0
1543 0
1544 0
1545 0
1546 0
1547 0
1548 0
1549 0
1550 0
1551 0
1552 0
1553 0
1554 0
1555 0
1556 0
1557 0
1558 0
1559 0
1560 0
1561 0
1562 0
1563 0
1564 0
1565 0
1566 0
1567 0
1568 0
1569 0
1570 0
1571 0
1572 0
1573 0
1574 0
1575 0
1576 0
1577 0
1578 0
1579 0
1580 0
1581 0
1582 0
1583 0
1584 0
1585 0
1586 0
1587 0
1588 0
1589 0
1590 0
1591 0
1592 0
1593 0
1594 0
1595 0
1596 0
1597 0
1598 0
1599 0
1600 0
1601 0
1602 0
1603 0
1604 0
1605 0
1606 0
1607 0
1608 0
1609 0
1610 0
1611 0
1612 0
1613 0
1614 0
1615 0
1616 0
1617 0
1618 0
1619 0
1620 0
1621 0
1622 0
1623 0
1624 0
1625 0
1626 0
1627 0
1628 0
1629 0
1630 0
1631 0
1632 0
1633 0
1634 0
1635 0
1636 0
1637 0
1638 0
1639 0
1640 0
1641 0
1642 0
1643 0
1644 0
1645 0
1646 0
1647 0
1648 0
1649 0
1650 0
1651 0
1652 0
1653 0
1654 0
1655 0
1656 0
1657 0
1658 0
1659 0
1660 0
1661 0
1662 0
1663 0
1664 0
1665 0
1666 0
1667 0
1668 0
1669 0
1670 0
1671 0
1672 0
1673 0
1674 0
1675 0
1676 0
1677 0
1678 0
1679 0
1680 0
1681 0
1682 0
1683 0
1684 0
1685 0
1686 0
1687 0
1688 0
1689 0
1690 0
1691 0
1692 0
1693 0
1694 0
1695 0
1696 0
1697 0
1698 0
1699 0
1700 0
1701 0
1702 0
1703 0
1704 0
1705 0
1706 0
1707 0
1708 0
1709 0
1710 0
1711 0
1712 0
1713 0
1714 0
1715 0
1716 0
1717 0
1718 0
1719 0
1720 0
1721 0
1722 0
1723 0
1724 0
1725 0
1726 0
1727 0
1728 0
1729 0
1730 0
1731 0
1732 0
1733 0
1734 0
1735 0
1736 0
1737 0
1738 0
1739 0
1740 0
1741 0
1742 0
1743 0
1744 0
1745 0
1746 0
1747 0
1748 0
1749 0
1750 0
1751 0
1752 0
1753 0
1754 0
1755 0
1756 0
1757 0
1758 0
1759 0
1760 0
1761 0
1762 0
1763 0
1764 0
1765 0
1766 0
1767 0
1768 0
1769 0
1770 0
1771 0
1772 0
1773 0
1774 0
1775 0
1776 0
1777 0
1778 0
1779 0
1780 0
1781 0
1782 0
1783 0
1784 0
1785 0
1786 0
1787 0
1788 0
1789 0
1790 0
1791 0
1792 0
1793 0
1794 0
1795 0
1796 0
1797 0
1798 0
1799 0
1800 0
1801 0
1802 0
1803 0
1804 0
1805 0
1806 0
1807 0
1808 0
1809 0
1810 0
1811 0
1812 0
1813 0
1814 0
1815 0
1816 0
1817 0
1818 0
1819 0
1820 0
1821 0
1822 0
1823 0
1824 0
1825 0
1826 0
1827 0
1828 0
1829 0
1830 0
1831 0
1832 0
1833 0
1834 0
1835 0
1836 0
1837 0
1838 0
1839 0
1840 0
1841 0
1842 0
1843 0
1844 0
1845 0
1846 0
1847 0
1848 0
1849 0
1850 0
1851 0
1852 0
1853 0
1854 0
1855 0
1856 0
1857 0
1858 0
1859 0
1860 0
1861 0
1862 0
1863 0
1864 0
1865 0
1866 0
1867 0
1868 0
1869 0
1870 0
1871 0
1872 0
1873 0
1874 0
1875 0
1876 0
1877 0
1878 0
1879 0
1880 0
1881 0
1882 0
1883 0
1884 0
1885 0
1886 0
1887 0
1888 0
1889 0
1890 0
1891 0
1892 0
1893 0
1894 0
1895 0
1896 0
1897 0
1898 0
1899 0
1900 0
1901 0
1902 0
1903 0
1904 0
1905 0
1906 0
1907 0
1908 0
1909 0
1910 0
1911 0
1912 0
1913 0
1914 0
1915 0
1916 0
1917 0
1918 0
1919 0
1920 0
1921 0
1922 0
1923 0
1924 0
1925 0
1926 0
1927 0
1928 0
1929 0
1930 0
1931 0
1932 0
1933 0
1934 0
1935 0
1936 0
1937 0
1938 0
1939 0
1940 0
1941 0
1942 0
1943 0
1944 0
1945 0
1946 0
1947 0
1948 0
1949 0
1950 0
1951 0
1952 0
1953 0
1954 0
1955 0
1956 0
1957 0
1958 0
1959 0
1960 0
1961 0
1962 0
1963 0
1964 0
1965 0
1966 0
1967 0
1968 0
1969 0
1970 0
1971 0
1972 0
1973 0
1974 0
1975 0
1976 0
1977 0
1978 0
1979 0
1980 0
1981 0
1982 0
1983 0
1984 0
1985 0
1986 0
1987 0
1988 0
1989 0
1990 0
1991 0
1992 0
1993 0
1994 0
1995 0
1996 0
1997 0
1998 0
1999 0
2000 0
