0 1.70089e-07
1 1.70089e-07
2 1.70089e-07
3 1.70089e-07
4 1.70089e-07
5 1.70089e-07
6 1.70089e-07
7 1.70089e-07
8 1.70089e-07
9 1.70089e-07
10 1.70089e-07
11 1.70089e-07
12 1.70089e-07
13 1.70089e-07
14 1.70089e-07
15 1.70089e-07
16 1.70089e-07
17 1.70089e-07
18 1.70089e-07
19 1.70089e-07
20 1.70089e-07
21 1.70089e-07
22 1.70089e-07
23 1.70089e-07
24 1.70089e-07
25 1.70089e-07
26 1.70089e-07
27 1.60491e-07
28 1.60491e-07
29 1.60491e-07
30 1.60491e-07
31 1.60491e-07
32 1.60491e-07
33 1.60491e-07
34 1.60491e-07
35 1.60491e-07
36 1.60491e-07
37 1.60491e-07
38 1.60491e-07
39 1.60491e-07
40 1.60491e-07
41 1.60491e-07
42 1.60491e-07
43 1.60491e-07
44 1.60491e-07
45 1.60491e-07
46 1.60491e-07
47 1.60491e-07
48 1.60491e-07
49 1.60491e-07
50 1.60491e-07
51 1.60491e-07
52 1.60491e-07
53 1.60491e-07
54 1.60491e-07
55 1.60491e-07
56 1.60491e-07
57 1.60491e-07
58 1.60491e-07
59 1.60491e-07
60 1.60491e-07
61 1.60491e-07
62 1.60491e-07
63 1.60491e-07
64 1.60491e-07
65 1.60491e-07
66 1.60491e-07
67 1.60491e-07
68 1.60491e-07
69 1.60491e-07
70 1.60491e-07
71 1.60491e-07
72 1.60491e-07
73 1.60491e-07
74 1.60491e-07
75 1.60491e-07
76 1.60491e-07
77 1.60491e-07
78 1.60491e-07
79 1.60491e-07
80 1.60491e-07
81 1.60491e-07
82 1.60491e-07
83 1.60491e-07
84 1.60491e-07
85 1.04216e-07
86 1.04216e-07
87 1.04216e-07
88 1.04216e-07
89 1.04216e-07
90 1.04216e-07
91 1.04216e-07
92 1.04216e-07
93 1.04216e-07
94 1.04216e-07
95 1.04216e-07
96 1.04216e-07
97 1.04216e-07
98 1.04216e-07
99 1.04216e-07
100 1.04216e-07
101 1.04216e-07
102 1.04216e-07
103 1.04216e-07
104 1.04216e-07
105 1.04216e-07
106 1.04216e-07
107 1.04216e-07
108 1.04216e-07
109 1.04216e-07
110 1.04216e-07
111 1.04216e-07
112 1.04216e-07
113 1.04216e-07
114 1.04216e-07
115 1.04216e-07
116 1.04216e-07
117 1.04216e-07
118 1.04216e-07
119 1.04216e-07
120 1.04216e-07
121 1.04216e-07
122 1.04216e-07
123 1.04216e-07
124 1.04216e-07
125 1.04216e-07
126 1.04216e-07
127 1.04216e-07
128 1.04216e-07
129 1.04216e-07
130 1.04216e-07
131 1.04216e-07
132 1.04216e-07
133 1.04216e-07
134 1.04216e-07
135 1.04216e-07
136 1.04216e-07
137 1.04216e-07
138 1.04216e-07
139 1.04216e-07
140 1.04216e-07
141 1.04216e-07
142 6.35281e-08
143 6.35281e-08
144 6.35281e-08
145 6.35281e-08
146 6.35281e-08
147 6.35281e-08
148 6.35281e-08
149 6.35281e-08
150 6.35281e-08
151 6.35281e-08
152 6.35281e-08
153 6.35281e-08
154 6.35281e-08
155 6.35281e-08
156 6.35281e-08
157 6.35281e-08
158 6.35281e-08
159 6.35281e-08
160 6.35281e-08
161 6.35281e-08
162 6.35281e-08
163 6.35281e-08
164 6.35281e-08
165 6.35281e-08
166 6.35281e-08
167 6.35281e-08
168 6.35281e-08
169 6.35281e-08
170 6.35281e-08
171 6.35281e-08
172 6.35281e-08
173 6.35281e-08
174 6.35281e-08
175 6.35281e-08
176 6.35281e-08
177 6.35281e-08
178 6.35281e-08
179 6.35281e-08
180 6.35281e-08
181 6.35281e-08
182 6.35281e-08
183 6.35281e-08
184 6.35281e-08
185 6.35281e-08
186 6.35281e-08
187 6.35281e-08
188 6.35281e-08
189 6.35281e-08
190 6.35281e-08
191 6.35281e-08
192 6.35281e-08
193 6.35281e-08
194 6.35281e-08
195 6.35281e-08
196 6.35281e-08
197 6.35281e-08
198 6.35281e-08
199 -1.17971e-08
200 -1.17971e-08
201 -1.17971e-08
202 -1.17971e-08
203 -1.17971e-08
204 -1.17971e-08
205 -1.17971e-08
206 -1.17971e-08
207 -1.17971e-08
208 -1.17971e-08
209 -1.17971e-08
210 -1.17971e-08
211 -1.17971e-08
212 -1.17971e-08
213 -1.17971e-08
214 -1.17971e-08
215 -1.17971e-08
216 -1.17971e-08
217 -1.17971e-08
218 -1.17971e-08
219 -1.17971e-08
220 -1.17971e-08
221 -1.17971e-08
222 -1.17971e-08
223 -1.17971e-08
224 -1.17971e-08
225 -1.17971e-08
226 -1.17971e-08
227 -1.17971e-08
228 -1.17971e-08
229 -1.17971e-08
230 -1.17971e-08
231 -1.17971e-08
232 -1.17971e-08
233 -1.17971e-08
234 -1.17971e-08
235 -1.17971e-08
236 -1.17971e-08
237 -1.17971e-08
238 -1.17971e-08
239 -1.17971e-08
240 -1.17971e-08
241 -1.17971e-08
242 -1.17971e-08
243 -1.17971e-08
244 -1.17971e-08
245 -1.17971e-08
246 -1.17971e-08
247 -1.17971e-08
248 -1.17971e-08
249 -1.17971e-08
250 -1.17971e-08
251 -1.17971e-08
252 -1.17971e-08
253 -1.17971e-08
254 -1.17971e-08
255 -1.17971e-08
256 -1.17971e-08
257 -4.57195e-08
258 -4.57195e-08
259 -4.57195e-08
260 -4.57195e-08
261 -4.57195e-08
262 -4.57195e-08
263 -4.57195e-08
264 -4.57195e-08
265 -4.57195e-08
266 -4.57195e-08
267 -4.57195e-08
268 -4.57195e-08
269 -4.57195e-08
270 -4.57195e-08
271 -4.57195e-08
272 -4.57195e-08
273 -4.57195e-08
274 -4.57195e-08
275 -4.57195e-08
276 -4.57195e-08
277 -4.57195e-08
278 -4.57195e-08
279 -4.57195e-08
280 -4.57195e-08
281 -4.57195e-08
282 -4.57195e-08
283 -4.57195e-08
284 -4.57195e-08
285 -4.57195e-08
286 -4.57195e-08
287 -4.57195e-08
288 -4.57195e-08
289 -4.57195e-08
290 -4.57195e-08
291 -4.57195e-08
292 -4.57195e-08
293 -4.57195e-08
294 -4.57195e-08
295 -4.57195e-08
296 -4.57195e-08
297 -4.57195e-08
298 -4.57195e-08
299 -4.57195e-08
300 -4.57195e-08
301 -4.57195e-08
302 -4.57195e-08
303 -4.57195e-08
304 -4.57195e-08
305 -4.57195e-08
306 -4.57195e-08
307 -4.57195e-08
308 -4.57195e-08
309 -4.57195e-08
310 -4.57195e-08
311 -4.57195e-08
312 -4.57195e-08
313 -4.57195e-08
314 -1.04506e-07
315 -1.04506e-07
316 -1.04506e-07
317 -1.04506e-07
318 -1.04506e-07
319 -1.04506e-07
320 -1.04506e-07
321 -1.04506e-07
322 -1.04506e-07
323 -1.04506e-07
324 -1.04506e-07
325 -1.04506e-07
326 -1.04506e-07
327 -1.04506e-07
328 -1.04506e-07
329 -1.04506e-07
330 -1.04506e-07
331 -1.04506e-07
332 -1.04506e-07
333 -1.04506e-07
334 -1.04506e-07
335 -1.04506e-07
336 -1.04506e-07
337 -1.04506e-07
338 -1.04506e-07
339 -1.04506e-07
340 -1.04506e-07
341 -1.04506e-07
342 -1.04506e-07
343 -1.04506e-07
344 -1.04506e-07
345 -1.04506e-07
346 -1.04506e-07
347 -1.04506e-07
348 -1.04506e-07
349 -1.04506e-07
350 -1.04506e-07
351 -1.04506e-07
352 -1.04506e-07
353 -1.04506e-07
354 -1.04506e-07
355 -1.04506e-07
356 -1.04506e-07
357 -1.04506e-07
358 -1.04506e-07
359 -1.04506e-07
360 -1.04506e-07
361 -1.04506e-07
362 -1.04506e-07
363 -1.04506e-07
364 -1.04506e-07
365 -1.04506e-07
366 -1.04506e-07
367 -1.04506e-07
368 -1.04506e-07
369 -1.04506e-07
370 -1.04506e-07
371 -1.03556e-07
372 -1.03556e-07
373 -1.03556e-07
374 -1.03556e-07
375 -1.03556e-07
376 -1.03556e-07
377 -1.03556e-07
378 -1.03556e-07
379 -1.03556e-07
380 -1.03556e-07
381 -1.03556e-07
382 -1.03556e-07
383 -1.03556e-07
384 -1.03556e-07
385 -1.03556e-07
386 -1.03556e-07
387 -1.03556e-07
388 -1.03556e-07
389 -1.03556e-07
390 -1.03556e-07
391 -1.03556e-07
392 -1.03556e-07
393 -1.03556e-07
394 -1.03556e-07
395 -1.03556e-07
396 -1.03556e-07
397 -1.03556e-07
398 -1.03556e-07
399 -1.03556e-07
400 -1.03556e-07
401 -1.03556e-07
402 -1.03556e-07
403 -1.03556e-07
404 -1.03556e-07
405 -1.03556e-07
406 -1.03556e-07
407 -1.03556e-07
408 -1.03556e-07
409 -1.03556e-07
410 -1.03556e-07
411 -1.03556e-07
412 -1.03556e-07
413 -1.03556e-07
414 -1.03556e-07
415 -1.03556e-07
416 -1.03556e-07
417 -1.03556e-07
418 -1.03556e-07
419 -1.03556e-07
420 -1.03556e-07
421 -1.03556e-07
422 -1.03556e-07
423 -1.03556e-07
424 -1.03556e-07
425 -1.03556e-07
426 -1.03556e-07
427 -1.03556e-07
428 -1.28284e-07
429 -1.28284e-07
430 -1.28284e-07
431 -1.28284e-07
432 -1.28284e-07
433 -1.28284e-07
434 -1.28284e-07
435 -1.28284e-07
436 -1.28284e-07
437 -1.28284e-07
438 -1.28284e-07
439 -1.28284e-07
440 -1.28284e-07
441 -1.28284e-07
442 -1.28284e-07
443 -1.28284e-07
444 -1.28284e-07
445 -1.28284e-07
446 -1.28284e-07
447 -1.28284e-07
448 -1.28284e-07
449 -1.28284e-07
450 -1.28284e-07
451 -1.28284e-07
452 -1.28284e-07
453 -1.28284e-07
454 -1.28284e-07
455 -1.28284e-07
456 -1.28284e-07
457 -1.28284e-07
458 -1.28284e-07
459 -1.28284e-07
460 -1.28284e-07
461 -1.28284e-07
462 -1.28284e-07
463 -1.28284e-07
464 -1.28284e-07
465 -1.28284e-07
466 -1.28284e-07
467 -1.28284e-07
468 -1.28284e-07
469 -1.28284e-07
470 -1.28284e-07
471 -1.28284e-07
472 -1.28284e-07
473 -1.28284e-07
474 -1.28284e-07
475 -1.28284e-07
476 -1.28284e-07
477 -1.28284e-07
478 -1.28284e-07
479 -1.28284e-07
480 -1.28284e-07
481 -1.28284e-07
482 -1.28284e-07
483 -1.28284e-07
484 -1.28284e-07
485 -1.28284e-07
486 -6.59448e-08
487 -6.59448e-08
488 -6.59448e-08
489 -6.59448e-08
490 -6.59448e-08
491 -6.59448e-08
492 -6.59448e-08
493 -6.59448e-08
494 -6.59448e-08
495 -6.59448e-08
496 -6.59448e-08
497 -6.59448e-08
498 -6.59448e-08
499 -6.59448e-08
500 -6.59448e-08
501 -6.59448e-08
502 -6.59448e-08
503 -6.59448e-08
504 -6.59448e-08
505 -6.59448e-08
506 -6.59448e-08
507 -6.59448e-08
508 -6.59448e-08
509 -6.59448e-08
510 -6.59448e-08
511 -6.59448e-08
512 -6.59448e-08
513 -6.59448e-08
514 -6.59448e-08
515 -6.59448e-08
516 -6.59448e-08
517 -6.59448e-08
518 -6.59448e-08
519 -6.59448e-08
520 -6.59448e-08
521 -6.59448e-08
522 -6.59448e-08
523 -6.59448e-08
524 -6.59448e-08
525 -6.59448e-08
526 -6.59448e-08
527 -6.59448e-08
528 -6.59448e-08
529 -6.59448e-08
530 -6.59448e-08
531 -6.59448e-08
532 -6.59448e-08
533 -6.59448e-08
534 -6.59448e-08
535 -6.59448e-08
536 -6.59448e-08
537 -6.59448e-08
538 -6.59448e-08
539 -6.59448e-08
540 -6.59448e-08
541 -6.59448e-08
542 -6.59448e-08
543 -5.13435e-08
544 -5.13435e-08
545 -5.13435e-08
546 -5.13435e-08
547 -5.13435e-08
548 -5.13435e-08
549 -5.13435e-08
550 -5.13435e-08
551 -5.13435e-08
552 -5.13435e-08
553 -5.13435e-08
554 -5.13435e-08
555 -5.13435e-08
556 -5.13435e-08
557 -5.13435e-08
558 -5.13435e-08
559 -5.13435e-08
560 -5.13435e-08
561 -5.13435e-08
562 -5.13435e-08
563 -5.13435e-08
564 -5.13435e-08
565 -5.13435e-08
566 -5.13435e-08
567 -5.13435e-08
568 -5.13435e-08
569 -5.13435e-08
570 -5.13435e-08
571 -5.13435e-08
572 -5.13435e-08
573 -5.13435e-08
574 -5.13435e-08
575 -5.13435e-08
576 -5.13435e-08
577 -5.13435e-08
578 -5.13435e-08
579 -5.13435e-08
580 -5.13435e-08
581 -5.13435e-08
582 -5.13435e-08
583 -5.13435e-08
584 -5.13435e-08
585 -5.13435e-08
586 -5.13435e-08
587 -5.13435e-08
588 -5.13435e-08
589 -5.13435e-08
590 -5.13435e-08
591 -5.13435e-08
592 -5.13435e-08
593 -5.13435e-08
594 -5.13435e-08
595 -5.13435e-08
596 -5.13435e-08
597 -5.13435e-08
598 -5.13435e-08
599 -5.13435e-08
600 2.06415e-07
601 2.06415e-07
602 2.06415e-07
603 2.06415e-07
604 2.06415e-07
605 2.06415e-07
606 2.06415e-07
607 2.06415e-07
608 2.06415e-07
609 2.06415e-07
610 2.06415e-07
611 2.06415e-07
612 2.06415e-07
613 2.06415e-07
614 2.06415e-07
615 2.06415e-07
616 2.06415e-07
617 2.06415e-07
618 2.06415e-07
619 2.06415e-07
620 2.06415e-07
621 2.06415e-07
622 2.06415e-07
623 2.06415e-07
624 2.06415e-07
625 2.06415e-07
626 2.06415e-07
627 2.06415e-07
628 2.06415e-07
629 2.06415e-07
630 2.06415e-07
631 2.06415e-07
632 2.06415e-07
633 2.06415e-07
634 2.06415e-07
635 2.06415e-07
636 2.06415e-07
637 2.06415e-07
638 2.06415e-07
639 2.06415e-07
640 2.06415e-07
641 2.06415e-07
642 2.06415e-07
643 2.06415e-07
644 2.06415e-07
645 2.06415e-07
646 2.06415e-07
647 2.06415e-07
648 2.06415e-07
649 2.06415e-07
650 2.06415e-07
651 2.06415e-07
652 2.06415e-07
653 2.06415e-07
654 2.06415e-07
655 2.06415e-07
656 2.06415e-07
657 3.34358e-07
658 3.34358e-07
659 3.34358e-07
660 3.34358e-07
661 3.34358e-07
662 3.34358e-07
663 3.34358e-07
664 3.34358e-07
665 3.34358e-07
666 3.34358e-07
667 3.34358e-07
668 3.34358e-07
669 3.34358e-07
670 3.34358e-07
671 3.34358e-07
672 3.34358e-07
673 3.34358e-07
674 3.34358e-07
675 3.34358e-07
676 3.34358e-07
677 3.34358e-07
678 3.34358e-07
679 3.34358e-07
680 3.34358e-07
681 3.34358e-07
682 3.34358e-07
683 3.34358e-07
684 3.34358e-07
685 3.34358e-07
686 3.34358e-07
687 3.34358e-07
688 3.34358e-07
689 3.34358e-07
690 3.34358e-07
691 3.34358e-07
692 3.34358e-07
693 3.34358e-07
694 3.34358e-07
695 3.34358e-07
696 3.34358e-07
697 3.34358e-07
698 3.34358e-07
699 3.34358e-07
700 3.34358e-07
701 3.34358e-07
702 3.34358e-07
703 3.34358e-07
704 3.34358e-07
705 3.34358e-07
706 3.34358e-07
707 3.34358e-07
708 3.34358e-07
709 3.34358e-07
710 3.34358e-07
711 3.34358e-07
712 3.34358e-07
713 3.34358e-07
714 3.34358e-07
715 1.57613e-06
716 1.57613e-06
717 1.57613e-06
718 1.57613e-06
719 1.57613e-06
720 1.57613e-06
721 1.57613e-06
722 1.57613e-06
723 1.57613e-06
724 1.57613e-06
725 1.57613e-06
726 1.57613e-06
727 1.57613e-06
728 1.57613e-06
729 1.57613e-06
730 1.57615e-06
731 1.57615e-06
732 1.57618e-06
733 1.57618e-06
734 1.57626e-06
735 1.57626e-06
736 1.57645e-06
737 1.57645e-06
738 1.5769e-06
739 1.5769e-06
740 1.5779e-06
741 1.5779e-06
742 1.58002e-06
743 1.58002e-06
744 1.58438e-06
745 1.58438e-06
746 1.59301e-06
747 1.59301e-06
748 1.60948e-06
749 1.60948e-06
750 1.63976e-06
751 1.63976e-06
752 1.69343e-06
753 1.69343e-06
754 1.78524e-06
755 1.78524e-06
756 1.93687e-06
757 1.93687e-06
758 2.17882e-06
759 2.17882e-06
760 2.55225e-06
761 2.55225e-06
762 3.11037e-06
763 3.11037e-06
764 3.91916e-06
765 3.91916e-06
766 5.05741e-06
767 5.05741e-06
768 6.61571e-06
769 6.61571e-06
770 8.69485e-06
771 8.69485e-06
772 2.14061e-05
773 2.14061e-05
774 2.81826e-05
775 2.81826e-05
776 3.66368e-05
777 3.66368e-05
778 4.69903e-05
779 4.69903e-05
780 5.94545e-05
781 5.94545e-05
782 7.42249e-05
783 7.42249e-05
784 9.14772e-05
785 9.14772e-05
786 0.000111367
787 0.000111367
788 0.000134037
789 0.000134037
790 0.00015962
791 0.00015962
792 0.000188259
793 0.000188259
794 0.00022011
795 0.00022011
796 0.000255352
797 0.000255352
798 0.000294179
799 0.000294179
800 0.000336787
801 0.000336787
802 0.000383356
803 0.000383356
804 0.000434031
805 0.000434031
806 0.000488911
807 0.000488911
808 0.000548052
809 0.000548052
810 0.000611482
811 0.000611482
812 0.000679232
813 0.000679232
814 0.000751366
815 0.000751366
816 0.000828008
817 0.000828008
818 0.00090936
819 0.00090936
820 0.000995707
821 0.000995707
822 0.00108741
823 0.00108741
824 0.00118492
825 0.00118492
826 0.00128874
827 0.00128874
828 0.00139947
829 0.00249336
830 0.00270355
831 0.00270355
832 0.00292861
833 0.00292861
834 0.00317071
835 0.00317071
836 0.00343267
837 0.00343267
838 0.00371816
839 0.00371816
840 0.00403189
841 0.00403189
842 0.00437987
843 0.00437987
844 0.0047698
845 0.0047698
846 0.00521151
847 0.00521151
848 0.00571778
849 0.00571778
850 0.00630538
851 0.00630538
852 0.00699671
853 0.00699671
854 0.00782205
855 0.00782205
856 0.00882281
857 0.00882281
858 0.0100556
859 0.0100556
860 0.0115917
861 0.0115917
862 0.0135024
863 0.0135024
864 0.0158406
865 0.0158406
866 0.0186336
867 0.0186336
868 0.0218878
869 0.0218878
870 0.0255971
871 0.0255971
872 0.0297483
873 0.0297483
874 0.0343243
875 0.0343243
876 0.039306
877 0.039306
878 0.0446723
879 0.0446723
880 0.0504002
881 0.0504002
882 0.0564647
883 0.0564647
884 0.0628387
885 0.0628387
886 0.069493
887 0.162008
888 0.17938
889 0.17938
890 0.197343
891 0.197343
892 0.215814
893 0.215814
894 0.234707
895 0.234707
896 0.253929
897 0.253929
898 0.273388
899 0.273388
900 0.292986
901 0.292986
902 0.31263
903 0.31263
904 0.33222
905 0.33222
906 0.35166
907 0.35166
908 0.370844
909 0.370844
910 0.389656
911 0.389656
912 0.40794
913 0.40794
914 0.425443
915 0.425443
916 0.441713
917 0.441713
918 0.456239
919 0.456239
920 0.46873
921 0.46873
922 0.479169
923 0.479169
924 0.487678
925 0.487678
926 0.49441
927 0.49441
928 0.499501
929 0.499501
930 0.503065
931 0.503065
932 0.505206
933 0.505206
934 0.506021
935 0.506021
936 0.505609
937 0.505609
938 0.504074
939 0.504074
940 0.501525
941 0.501525
942 0.498077
943 0.498077
944 0.535818
945 0.535818
946 0.536173
947 0.536173
948 0.535885
949 0.535885
950 0.535014
951 0.535014
952 0.533584
953 0.533584
954 0.531558
955 0.531558
956 0.528813
957 0.528813
958 0.525145
959 0.525145
960 0.520305
961 0.520305
962 0.51405
963 0.51405
964 0.506203
965 0.506203
966 0.496632
967 0.496632
968 0.48513
969 0.48513
970 0.471468
971 0.471468
972 0.455189
973 0.455189
974 0.43418
975 0.43418
976 0.408373
977 0.408373
978 0.373763
979 0.373763
980 0.360227
981 0.360227
982 0.352309
983 0.352309
984 0.358379
985 0.358379
986 0.360606
987 0.360606
988 0.3584
989 0.3584
990 0.356299
991 0.356299
992 0.355758
993 0.355758
994 0.353582
995 0.353582
996 0.349958
997 0.349958
998 0.347845
999 0.347845
1000 0.347792
1001 0
1002 0
1003 0
1004 0
1005 0
1006 0
1007 0
1008 0
1009 0
1010 0
1011 0
1012 0
1013 0
1014 0
1015 0
1016 0
1017 0
1018 0
1019 0
1020 0
1021 0
1022 0
1023 0
1024 0
1025 0
1026 0
1027 0
1028 0
1029 0
1030 0
1031 0
1032 0
1033 0
1034 0
1035 0
1036 0
1037 0
1038 0
1039 0
1040 0
1041 0
1042 0
1043 0
1044 0
1045 0
1046 0
1047 0
1048 0
1049 0
1050 0
1051 0
1052 0
1053 0
1054 0
1055 0
1056 0
1057 0
1058 0
1059 0
1060 0
1061 0
1062 0
1063 0
1064 0
1065 0
1066 0
1067 0
1068 0
1069 0
1070 0
1071 0
1072 0
1073 0
1074 0
1075 0
1076 0
1077 0
1078 0
1079 0
1080 0
1081 0
1082 0
1083 0
1084 0
1085 0
1086 0
1087 0
1088 0
1089 0
1090 0
1091 0
1092 0
1093 0
1094 0
1095 0
1096 0
1097 0
1098 0
1099 0
1100 0
1101 0
1102 0
1103 0
1104 0
1105 0
1106 0
1107 0
1108 0
1109 0
1110 0
1111 0
1112 0
1113 0
1114 0
1115 0
1116 0
1117 0
1118 0
1119 0
1120 0
1121 0
1122 0
1123 0
1124 0
1125 0
1126 0
1127 0
1128 0
1129 0
1130 0
1131 0
1132 0
1133 0
1134 0
1135 0
1136 0
1137 0
1138 0
1139 0
1140 0
1141 0
1142 0
1143 0
1144 0
1145 0
1146 0
1147 0
1148 0
1149 0
1150 0
1151 0
1152 0
1153 0
1154 0
1155 0
1156 0
1157 0
1158 0
1159 0
1160 0
1161 0
1162 0
1163 0
1164 0
1165 0
1166 0
1167 0
1168 0
1169 0
1170 0
1171 0
1172 0
1173 0
1174 0
1175 0
1176 0
1177 0
1178 0
1179 0
1180 0
1181 0
1182 0
1183 0
1184 0
1185 0
1186 0
1187 0
1188 0
1189 0
1190 0
1191 0
1192 0
1193 0
1194 0
1195 0
1196 0
1197 0
1198 0
1199 0
1200 0
1201 0
1202 0
1203 0
1204 0
1205 0
1206 0
1207 0
1208 0
1209 0
1210 0
1211 0
1212 0
1213 0
1214 0
1215 0
1216 0
1217 0
1218 0
1219 0
1220 0
1221 0
1222 0
1223 0
1224 0
1225 0
1226 0
1227 0
1228 0
1229 0
1230 0
1231 0
1232 0
1233 0
1234 0
1235 0
1236 0
1237 0
1238 0
1239 0
1240 0
1241 0
1242 0
1243 0
1244 0
1245 0
1246 0
1247 0
1248 0
1249 0
1250 0
1251 0
1252 0
1253 0
1254 0
1255 0
1256 0
1257 0
1258 0
1259 0
1260 0
1261 0
1262 0
1263 0
1264 0
1265 0
1266 0
1267 0
1268 0
1269 0
1270 0
1271 0
1272 0
1273 0
1274 0
1275 0
1276 0
1277 0
1278 0
1279 0
1280 0
1281 0
1282 0
1283 0
1284 0
1285 0
1286 0
1287 0
1288 0
1289 0
1290 0
1291 0
1292 0
1293 0
1294 0
1295 0
1296 0
1297 0
1298 0
1299 0
1300 0
1301 0
1302 0
1303 0
1304 0
1305 0
1306 0
1307 0
1308 0
1309 0
1310 0
1311 0
1312 0
1313 0
1314 0
1315 0
1316 0
1317 0
1318 0
1319 0
1320 0
1321 0
1322 0
1323 0
1324 0
1325 0
1326 0
1327 0
1328 0
1329 0
1330 0
1331 0
1332 0
1333 0
1334 0
1335 0
1336 0
1337 0
1338 0
1339 0
1340 0
1341 0
1342 0
1343 0
1344 0
1345 0
1346 0
1347 0
1348 0
1349 0
1350 0
1351 0
1352 0
1353 0
1354 0
1355 0
1356 0
1357 0
1358 0
1359 0
1360 0
1361 0
1362 0
1363 0
1364 0
1365 0
1366 0
1367 0
1368 0
1369 0
1370 0
1371 0
1372 0
1373 0
1374 0
1375 0
1376 0
1377 0
1378 0
1379 0
1380 0
1381 0
1382 0
1383 0
1384 0
1385 0
1386 0
1387 0
1388 0
1389 0
1390 0
1391 0
1392 0
1393 0
1394 0
1395 0
1396 0
1397 0
1398 0
1399 0
1400 0
1401 0
1402 0
1403 0
1404 0
1405 0
1406 0
1407 0
1408 0
1409 0
1410 0
1411 0
1412 0
1413 0
1414 0
1415 0
1416 0
1417 0
1418 0
1419 0
1420 0
1421 0
1422 0
1423 0
1424 0
1425 0
1426 0
1427 0
1428 0
1429 0
1430 0
1431 0
1432 0
1433 0
1434 0
1435 0
1436 0
1437 0
1438 0
1439 0
1440 0
1441 0
1442 0
1443 0
1444 0
1445 0
1446 0
1447 0
1448 0
1449 0
1450 0
1451 0
1452 0
1453 0
1454 0
1455 0
1456 0
1457 0
1458 0
1459 0
1460 0
1461 0
1462 0
1463 0
1464 0
1465 0
1466 0
1467 0
1468 0
1469 0
1470 0
1471 0
1472 0
1473 0
1474 0
1475 0
1476 0
1477 0
1478 0
1479 0
1480 0
1481 0
1482 0
1483 0
1484 0
1485 0
1486 0
1487 0
1488 0
1489 0
1490 0
1491 0
1492 0
1493 0
1494 0
1495 0
1496 0
1497 0
1498 0
1499 0
1500 0
1501 0
1502 0
1503 0
1504 0
1505 0
1506 0
1507 0
1508 0
1509 0
1510 0
1511 0
1512 0
1513 0
1514 0
1515 0
1516 0
1517 0
1518 0
1519 0
1520 0
1521 0
1522 0
1523 0
1524 0
1525 0
1526 0
1527 0
1528 0
1529 0
1530 0
1531 0
1532 0
1533 0
1534 0
1535 0
1536 0
1537 0
1538 0
1539 0
1540 0
1541 0
1542 0
1543 0
1544 0
1545 0
1546 0
1547 0
1548 0
1549 0
1550 0
1551 0
1552 0
1553 0
1554 0
1555 0
1556 0
1557 0
1558 0
1559 0
1560 0
1561 0
1562 0
1563 0
1564 0
1565 0
1566 0
1567 0
1568 0
1569 0
1570 0
1571 0
1572 0
1573 0
1574 0
1575 0
1576 0
1577 0
1578 0
1579 0
1580 0
1581 0
1582 0
1583 0
1584 0
1585 0
1586 0
1587 0
1588 0
1589 0
1590 0
1591 0
1592 0
1593 0
1594 0
1595 0
1596 0
1597 0
1598 0
1599 0
1600 0
1601 0
1602 0
1603 0
1604 0
1605 0
1606 0
1607 0
1608 0
1609 0
1610 0
1611 0
1612 0
1613 0
1614 0
1615 0
1616 0
1617 0
1618 0
1619 0
1620 0
1621 0
1622 0
1623 0
1624 0
1625 0
1626 0
1627 0
1628 0
1629 0
1630 0
1631 0
1632 0
1633 0
1634 0
1635 0
1636 0
1637 0
1638 0
1639 0
1640 0
1641 0
1642 0
1643 0
1644 0
1645 0
1646 0
1647 0
1648 0
1649 0
1650 0
1651 0
1652 0
1653 0
1654 0
1655 0
1656 0
1657 0
1658 0
1659 0
1660 0
1661 0
1662 0
1663 0
1664 0
1665 0
1666 0
1667 0
1668 0
1669 0
1670 0
1671 0
1672 0
1673 0
1674 0
1675 0
1676 0
1677 0
1678 0
1679 0
1680 0
1681 0
1682 0
1683 0
1684 0
1685 0
1686 0
1687 0
1688 0
1689 0
1690 0
1691 0
1692 0
1693 0
1694 0
1695 0
1696 0
1697 0
1698 0
1699 0
1700 0
1701 0
1702 0
1703 0
1704 0
1705 0
1706 0
1707 0
1708 0
1709 0
1710 0
1711 0
1712 0
1713 0
1714 0
1715 0
1716 0
1717 0
1718 0
1719 0
1720 0
1721 0
1722 0
1723 0
1724 0
1725 0
1726 0
1727 0
1728 0
1729 0
1730 0
1731 0
1732 0
1733 0
1734 0
1735 0
1736 0
1737 0
1738 0
1739 0
1740 0
1741 0
1742 0
1743 0
1744 0
1745 0
1746 0
1747 0
1748 0
1749 0
1750 0
1751 0
1752 0
1753 0
1754 0
1755 0
1756 0
1757 0
1758 0
1759 0
1760 0
1761 0
1762 0
1763 0
1764 0
1765 0
1766 0
1767 0
1768 0
1769 0
1770 0
1771 0
1772 0
1773 0
1774 0
1775 0
1776 0
1777 0
1778 0
1779 0
1780 0
1781 0
1782 0
1783 0
1784 0
1785 0
1786 0
1787 0
1788 0
1789 0
1790 0
1791 0
1792 0
1793 0
1794 0
1795 0
1796 0
1797 0
1798 0
1799 0
1800 0
1801 0
1802 0
1803 0
1804 0
1805 0
1806 0
1807 0
1808 0
1809 0
1810 0
1811 0
1812 0
1813 0
1814 0
1815 0
1816 0
1817 0
1818 0
1819 0
1820 0
1821 0
1822 0
1823 0
1824 0
1825 0
1826 0
1827 0
1828 0
1829 0
1830 0
1831 0
1832 0
1833 0
1834 0
1835 0
1836 0
1837 0
1838 0
1839 0
1840 0
1841 0
1842 0
1843 0
1844 0
1845 0
1846 0
1847 0
1848 0
1849 0
1850 0
1851 0
1852 0
1853 0
1854 0
1855 0
1856 0
1857 0
1858 0
1859 0
1860 0
1861 0
1862 0
1863 0
1864 0
1865 0
1866 0
1867 0
1868 0
1869 0
1870 0
1871 0
1872 0
1873 0
1874 0
1875 0
1876 0
1877 0
1878 0
1879 0
1880 0
1881 0
1882 0
1883 0
1884 0
1885 0
1886 0
1887 0
1888 0
1889 0
1890 0
1891 0
1892 0
1893 0
1894 0
1895 0
1896 0
1897 0
1898 0
1899 0
1900 0
1901 0
1902 0
1903 0
1904 0
1905 0
1906 0
1907 0
1908 0
1909 0
1910 0
1911 0
1912 0
1913 0
1914 0
1915 0
1916 0
1917 0
1918 0
1919 0
1920 0
1921 0
1922 0
1923 0
1924 0
1925 0
1926 0
1927 0
1928 0
1929 0
1930 0
1931 0
1932 0
1933 0
1934 0
1935 0
1936 0
1937 0
1938 0
1939 0
1940 0
1941 0
1942 0
1943 0
1944 0
1945 0
1946 0
1947 0
1948 0
1949 0
1950 0
1951 0
1952 0
1953 0
1954 0
1955 0
1956 0
1957 0
1958 0
1959 0
1960 0
1961 0
1962 0
1963 0
1964 0
1965 0
1966 0
1967 0
1968 0
1969 0
1970 0
1971 0
1972 0
1973 0
1974 0
1975 0
1976 0
1977 0
1978 0
1979 0
1980 0
1981 0
1982 0
1983 0
1984 0
1985 0
1986 0
1987 0
1988 0
1989 0
1990 0
1991 0
1992 0
1993 0
1994 0
1995 0
1996 0
1997 0
1998 0
1999 0
2000 0
