0 5.756e-06
1 5.756e-06
2 5.756e-06
3 5.756e-06
4 5.756e-06
5 5.756e-06
6 5.756e-06
7 5.756e-06
8 5.756e-06
9 5.756e-06
10 5.756e-06
11 5.756e-06
12 5.756e-06
13 5.756e-06
14 5.44132e-06
15 5.44132e-06
16 5.44132e-06
17 5.44132e-06
18 5.44132e-06
19 5.44132e-06
20 5.44132e-06
21 5.44132e-06
22 5.44132e-06
23 5.44132e-06
24 5.44132e-06
25 5.44132e-06
26 5.44132e-06
27 5.44132e-06
28 5.44132e-06
29 5.44132e-06
30 5.44132e-06
31 5.44132e-06
32 5.44132e-06
33 5.44132e-06
34 5.44132e-06
35 5.44132e-06
36 5.44132e-06
37 5.44132e-06
38 5.44132e-06
39 5.44132e-06
40 5.44132e-06
41 5.44132e-06
42 5.44132e-06
43 4.24108e-06
44 4.24108e-06
45 4.24108e-06
46 4.24108e-06
47 4.24108e-06
48 4.24108e-06
49 4.24108e-06
50 4.24108e-06
51 4.24108e-06
52 4.24108e-06
53 4.24108e-06
54 4.24108e-06
55 4.24108e-06
56 4.24108e-06
57 4.24108e-06
58 4.24108e-06
59 4.24108e-06
60 4.24108e-06
61 4.24108e-06
62 4.24108e-06
63 4.24108e-06
64 4.24108e-06
65 4.24108e-06
66 4.24108e-06
67 4.24108e-06
68 4.24108e-06
69 4.24108e-06
70 4.24108e-06
71 2.45703e-06
72 2.45703e-06
73 2.45703e-06
74 2.45703e-06
75 2.45703e-06
76 2.45703e-06
77 2.45703e-06
78 2.45703e-06
79 2.45703e-06
80 2.45703e-06
81 2.45703e-06
82 2.45703e-06
83 2.45703e-06
84 2.45703e-06
85 2.45703e-06
86 2.45703e-06
87 2.45703e-06
88 2.45703e-06
89 2.45703e-06
90 2.45703e-06
91 2.45703e-06
92 2.45703e-06
93 2.45703e-06
94 2.45703e-06
95 2.45703e-06
96 2.45703e-06
97 2.45703e-06
98 2.45703e-06
99 2.45703e-06
100 4.54849e-07
101 4.54849e-07
102 4.54849e-07
103 4.54849e-07
104 4.54849e-07
105 4.54849e-07
106 4.54849e-07
107 4.54849e-07
108 4.54849e-07
109 4.54849e-07
110 4.54849e-07
111 4.54849e-07
112 4.54849e-07
113 4.54849e-07
114 4.54849e-07
115 4.54849e-07
116 4.54849e-07
117 4.54849e-07
118 4.54849e-07
119 4.54849e-07
120 4.54849e-07
121 4.54849e-07
122 4.54849e-07
123 4.54849e-07
124 4.54849e-07
125 4.54849e-07
126 4.54849e-07
127 4.54849e-07
128 -1.40584e-06
129 -1.40584e-06
130 -1.40584e-06
131 -1.40584e-06
132 -1.40584e-06
133 -1.40584e-06
134 -1.40584e-06
135 -1.40584e-06
136 -1.40584e-06
137 -1.40584e-06
138 -1.40584e-06
139 -1.40584e-06
140 -1.40584e-06
141 -1.40584e-06
142 -1.40584e-06
143 -1.40584e-06
144 -1.40584e-06
145 -1.40584e-06
146 -1.40584e-06
147 -1.40584e-06
148 -1.40584e-06
149 -1.40584e-06
150 -1.40584e-06
151 -1.40584e-06
152 -1.40584e-06
153 -1.40584e-06
154 -1.40584e-06
155 -1.40584e-06
156 -1.40584e-06
157 -2.83169e-06
158 -2.83169e-06
159 -2.83169e-06
160 -2.83169e-06
161 -2.83169e-06
162 -2.83169e-06
163 -2.83169e-06
164 -2.83169e-06
165 -2.83169e-06
166 -2.83169e-06
167 -2.83169e-06
168 -2.83169e-06
169 -2.83169e-06
170 -2.83169e-06
171 -2.83169e-06
172 -2.83169e-06
173 -2.83169e-06
174 -2.83169e-06
175 -2.83169e-06
176 -2.83169e-06
177 -2.83169e-06
178 -2.83169e-06
179 -2.83169e-06
180 -2.83169e-06
181 -2.83169e-06
182 -2.83169e-06
183 -2.83169e-06
184 -2.83169e-06
185 -2.83169e-06
186 -3.63605e-06
187 -3.63605e-06
188 -3.63605e-06
189 -3.63605e-06
190 -3.63605e-06
191 -3.63605e-06
192 -3.63605e-06
193 -3.63605e-06
194 -3.63605e-06
195 -3.63605e-06
196 -3.63605e-06
197 -3.63605e-06
198 -3.63605e-06
199 -3.63605e-06
200 -3.63605e-06
201 -3.63605e-06
202 -3.63605e-06
203 -3.63605e-06
204 -3.63605e-06
205 -3.63605e-06
206 -3.63605e-06
207 -3.63605e-06
208 -3.63605e-06
209 -3.63605e-06
210 -3.63605e-06
211 -3.63605e-06
212 -3.63605e-06
213 -3.63605e-06
214 -3.75775e-06
215 -3.75775e-06
216 -3.75775e-06
217 -3.75775e-06
218 -3.75775e-06
219 -3.75775e-06
220 -3.75775e-06
221 -3.75775e-06
222 -3.75775e-06
223 -3.75775e-06
224 -3.75775e-06
225 -3.75775e-06
226 -3.75775e-06
227 -3.75775e-06
228 -3.75775e-06
229 -3.75775e-06
230 -3.75775e-06
231 -3.75775e-06
232 -3.75775e-06
233 -3.75775e-06
234 -3.75775e-06
235 -3.75775e-06
236 -3.75775e-06
237 -3.75775e-06
238 -3.75775e-06
239 -3.75775e-06
240 -3.75775e-06
241 -3.75775e-06
242 -3.75775e-06
243 -3.25441e-06
244 -3.25441e-06
245 -3.25441e-06
246 -3.25441e-06
247 -3.25441e-06
248 -3.25441e-06
249 -3.25441e-06
250 -3.25441e-06
251 -3.25441e-06
252 -3.25441e-06
253 -3.25441e-06
254 -3.25441e-06
255 -3.25441e-06
256 -3.25441e-06
257 -3.25441e-06
258 -3.25441e-06
259 -3.25441e-06
260 -3.25441e-06
261 -3.25441e-06
262 -3.25441e-06
263 -3.25441e-06
264 -3.25441e-06
265 -3.25441e-06
266 -3.25441e-06
267 -3.25441e-06
268 -3.25441e-06
269 -3.25441e-06
270 -3.25441e-06
271 -2.28079e-06
272 -2.28079e-06
273 -2.28079e-06
274 -2.28079e-06
275 -2.28079e-06
276 -2.28079e-06
277 -2.28079e-06
278 -2.28079e-06
279 -2.28079e-06
280 -2.28079e-06
281 -2.28079e-06
282 -2.28079e-06
283 -2.28079e-06
284 -2.28079e-06
285 -2.28079e-06
286 -2.28079e-06
287 -2.28079e-06
288 -2.28079e-06
289 -2.28079e-06
290 -2.28079e-06
291 -2.28079e-06
292 -2.28079e-06
293 -2.28079e-06
294 -2.28079e-06
295 -2.28079e-06
296 -2.28079e-06
297 -2.28079e-06
298 -2.28079e-06
299 -2.28079e-06
300 -1.04784e-06
301 -1.04784e-06
302 -1.04784e-06
303 -1.04784e-06
304 -1.04784e-06
305 -1.04784e-06
306 -1.04784e-06
307 -1.04784e-06
308 -1.04784e-06
309 -1.04784e-06
310 -1.04784e-06
311 -1.04784e-06
312 -1.04784e-06
313 -1.04784e-06
314 -1.04784e-06
315 -1.04784e-06
316 -1.04784e-06
317 -1.04784e-06
318 -1.04784e-06
319 -1.04784e-06
320 -1.04784e-06
321 -1.04784e-06
322 -1.04784e-06
323 -1.04784e-06
324 -1.04784e-06
325 -1.04784e-06
326 -1.04784e-06
327 -1.04784e-06
328 -1.04784e-06
329 2.12612e-07
330 2.12612e-07
331 2.12612e-07
332 2.12612e-07
333 2.12612e-07
334 2.12612e-07
335 2.12612e-07
336 2.12612e-07
337 2.12612e-07
338 2.12612e-07
339 2.12612e-07
340 2.12612e-07
341 2.12612e-07
342 2.12612e-07
343 2.12612e-07
344 2.12612e-07
345 2.12612e-07
346 2.12612e-07
347 2.12612e-07
348 2.12612e-07
349 2.12612e-07
350 2.12612e-07
351 2.12612e-07
352 2.12612e-07
353 2.12612e-07
354 2.12612e-07
355 2.12612e-07
356 2.12612e-07
357 1.29718e-06
358 1.29718e-06
359 1.29718e-06
360 1.29718e-06
361 1.29718e-06
362 1.29718e-06
363 1.29718e-06
364 1.29718e-06
365 1.29718e-06
366 1.29718e-06
367 1.29718e-06
368 1.29718e-06
369 1.29718e-06
370 1.29718e-06
371 1.29718e-06
372 1.29718e-06
373 1.29718e-06
374 1.29718e-06
375 1.29718e-06
376 1.29718e-06
377 1.29718e-06
378 1.29718e-06
379 1.29718e-06
380 1.29718e-06
381 1.29718e-06
382 1.29718e-06
383 1.29718e-06
384 1.29718e-06
385 1.29718e-06
386 2.04661e-06
387 2.04661e-06
388 2.04661e-06
389 2.04661e-06
390 2.04661e-06
391 2.04661e-06
392 2.04661e-06
393 2.04661e-06
394 2.04661e-06
395 2.04661e-06
396 2.04661e-06
397 2.04661e-06
398 2.04661e-06
399 2.04661e-06
400 2.04661e-06
401 2.04661e-06
402 2.04661e-06
403 2.04661e-06
404 2.04661e-06
405 2.04661e-06
406 2.04661e-06
407 2.04661e-06
408 2.04661e-06
409 2.04661e-06
410 2.04661e-06
411 2.04661e-06
412 2.04661e-06
413 2.04661e-06
414 2.38673e-06
415 2.38673e-06
416 2.38673e-06
417 2.38673e-06
418 2.38673e-06
419 2.38673e-06
420 2.38673e-06
421 2.38673e-06
422 2.38673e-06
423 2.38673e-06
424 2.38673e-06
425 2.38673e-06
426 2.38673e-06
427 2.38673e-06
428 2.38673e-06
429 2.38673e-06
430 2.38673e-06
431 2.38673e-06
432 2.38673e-06
433 2.38673e-06
434 2.38673e-06
435 2.38673e-06
436 2.38673e-06
437 2.38673e-06
438 2.38673e-06
439 2.38673e-06
440 2.38673e-06
441 2.38673e-06
442 2.38673e-06
443 2.30007e-06
444 2.30007e-06
445 2.30007e-06
446 2.30007e-06
447 2.30007e-06
448 2.30007e-06
449 2.30007e-06
450 2.30007e-06
451 2.30007e-06
452 2.30007e-06
453 2.30007e-06
454 2.30007e-06
455 2.30007e-06
456 2.30007e-06
457 2.30007e-06
458 2.30007e-06
459 2.30007e-06
460 2.30007e-06
461 2.30007e-06
462 2.30007e-06
463 2.30007e-06
464 2.30007e-06
465 2.30007e-06
466 2.30007e-06
467 2.30007e-06
468 2.30007e-06
469 2.30007e-06
470 2.30007e-06
471 2.30007e-06
472 1.86491e-06
473 1.86491e-06
474 1.86491e-06
475 1.86491e-06
476 1.86491e-06
477 1.86491e-06
478 1.86491e-06
479 1.86491e-06
480 1.86491e-06
481 1.86491e-06
482 1.86491e-06
483 1.86491e-06
484 1.86491e-06
485 1.86491e-06
486 1.86491e-06
487 1.86491e-06
488 1.86491e-06
489 1.86491e-06
490 1.86491e-06
491 1.86491e-06
492 1.86491e-06
493 1.86491e-06
494 1.86491e-06
495 1.86491e-06
496 1.86491e-06
497 1.86491e-06
498 1.86491e-06
499 1.86491e-06
500 1.17086e-06
501 1.17086e-06
502 1.17086e-06
503 1.17086e-06
504 1.17086e-06
505 1.17086e-06
506 1.17086e-06
507 1.17086e-06
508 1.17086e-06
509 1.17086e-06
510 1.17086e-06
511 1.17086e-06
512 1.17086e-06
513 1.17086e-06
514 1.17086e-06
515 1.17086e-06
516 1.17086e-06
517 1.17086e-06
518 1.17086e-06
519 1.17086e-06
520 1.17086e-06
521 1.17086e-06
522 1.17086e-06
523 1.17086e-06
524 1.17086e-06
525 1.17086e-06
526 1.17086e-06
527 1.17086e-06
528 1.17086e-06
529 3.85774e-07
530 3.85774e-07
531 3.85774e-07
532 3.85774e-07
533 3.85774e-07
534 3.85774e-07
535 3.85774e-07
536 3.85774e-07
537 3.85774e-07
538 3.85774e-07
539 3.85774e-07
540 3.85774e-07
541 3.85774e-07
542 3.85774e-07
543 3.85774e-07
544 3.85774e-07
545 3.85774e-07
546 3.85774e-07
547 3.85774e-07
548 3.85774e-07
549 3.85774e-07
550 3.85774e-07
551 3.85774e-07
552 3.85774e-07
553 3.85774e-07
554 3.85774e-07
555 3.85774e-07
556 3.85774e-07
557 -3.91064e-07
558 -3.91064e-07
559 -3.91064e-07
560 -3.91064e-07
561 -3.91064e-07
562 -3.91064e-07
563 -3.91064e-07
564 -3.91064e-07
565 -3.91064e-07
566 -3.91064e-07
567 -3.91064e-07
568 -3.91064e-07
569 -3.91064e-07
570 -3.91064e-07
571 -3.91064e-07
572 -3.91064e-07
573 -3.91064e-07
574 -3.91064e-07
575 -3.91064e-07
576 -3.91064e-07
577 -3.91064e-07
578 -3.91064e-07
579 -3.91064e-07
580 -3.91064e-07
581 -3.91064e-07
582 -3.91064e-07
583 -3.91064e-07
584 -3.91064e-07
585 -3.91064e-07
586 -9.92173e-07
587 -9.92173e-07
588 -9.92173e-07
589 -9.92173e-07
590 -9.92173e-07
591 -9.92173e-07
592 -9.92173e-07
593 -9.92173e-07
594 -9.92173e-07
595 -9.92173e-07
596 -9.92173e-07
597 -9.92173e-07
598 -9.92173e-07
599 -9.92173e-07
600 -9.92173e-07
601 -9.92173e-07
602 -9.92173e-07
603 -9.92173e-07
604 -9.92173e-07
605 -9.92173e-07
606 -9.92173e-07
607 -9.92173e-07
608 -9.92173e-07
609 -9.92173e-07
610 -9.92173e-07
611 -9.92173e-07
612 -9.92173e-07
613 -9.92173e-07
614 -9.92173e-07
615 -1.39996e-06
616 -1.39996e-06
617 -1.39996e-06
618 -1.39996e-06
619 -1.39996e-06
620 -1.39996e-06
621 -1.39996e-06
622 -1.39996e-06
623 -1.39996e-06
624 -1.39996e-06
625 -1.39996e-06
626 -1.39996e-06
627 -1.39996e-06
628 -1.39996e-06
629 -1.39996e-06
630 -1.39996e-06
631 -1.39996e-06
632 -1.39996e-06
633 -1.39996e-06
634 -1.39996e-06
635 -1.39996e-06
636 -1.39996e-06
637 -1.39996e-06
638 -1.39996e-06
639 -1.39996e-06
640 -1.39996e-06
641 -1.39996e-06
642 -1.39996e-06
643 -1.50132e-06
644 -1.50132e-06
645 -1.50132e-06
646 -1.50132e-06
647 -1.50132e-06
648 -1.50132e-06
649 -1.50132e-06
650 -1.50132e-06
651 -1.50132e-06
652 -1.50132e-06
653 -1.50132e-06
654 -1.50132e-06
655 -1.50132e-06
656 -1.50132e-06
657 -1.50132e-06
658 -1.50132e-06
659 -1.50132e-06
660 -1.50132e-06
661 -1.50132e-06
662 -1.50132e-06
663 -1.50132e-06
664 -1.50132e-06
665 -1.50132e-06
666 -1.50132e-06
667 -1.50132e-06
668 -1.50132e-06
669 -1.50132e-06
670 -1.50132e-06
671 -1.50132e-06
672 -1.38826e-06
673 -1.38826e-06
674 -1.38826e-06
675 -1.38826e-06
676 -1.38826e-06
677 -1.38826e-06
678 -1.38826e-06
679 -1.38826e-06
680 -1.38826e-06
681 -1.38826e-06
682 -1.38826e-06
683 -1.38826e-06
684 -1.38826e-06
685 -1.38826e-06
686 -1.38826e-06
687 -1.38826e-06
688 -1.38826e-06
689 -1.38826e-06
690 -1.38826e-06
691 -1.38826e-06
692 -1.38826e-06
693 -1.38826e-06
694 -1.38826e-06
695 -1.38826e-06
696 -1.38826e-06
697 -1.38826e-06
698 -1.38826e-06
699 -1.38826e-06
700 -9.78132e-07
701 -9.78132e-07
702 -9.78132e-07
703 -9.78132e-07
704 -9.78132e-07
705 -9.78132e-07
706 -9.78132e-07
707 -9.78132e-07
708 -9.78132e-07
709 -9.78132e-07
710 -9.78132e-07
711 -9.78132e-07
712 -9.78132e-07
713 -9.78132e-07
714 -9.78132e-07
715 -9.78132e-07
716 -9.78132e-07
717 -9.78132e-07
718 -9.78132e-07
719 -9.78132e-07
720 -9.78132e-07
721 -9.78132e-07
722 -9.78132e-07
723 -9.78132e-07
724 -9.78132e-07
725 -9.78132e-07
726 -9.78132e-07
727 -9.78132e-07
728 -9.78132e-07
729 -4.22905e-07
730 -4.22905e-07
731 -4.22905e-07
732 -4.22905e-07
733 -4.22905e-07
734 -4.22905e-07
735 -4.22905e-07
736 -4.22905e-07
737 -4.22905e-07
738 -4.22905e-07
739 -4.22905e-07
740 -4.22905e-07
741 -4.22905e-07
742 -4.22905e-07
743 -4.22905e-07
744 -4.22905e-07
745 -4.22905e-07
746 -4.22905e-07
747 -4.22905e-07
748 -4.22905e-07
749 -4.22905e-07
750 -4.22905e-07
751 -4.22905e-07
752 -4.22905e-07
753 -4.22905e-07
754 -4.22905e-07
755 -4.22905e-07
756 -4.22905e-07
757 -4.22905e-07
758 4.40824e-07
759 4.40824e-07
760 4.40824e-07
761 4.40824e-07
762 4.40824e-07
763 4.40824e-07
764 4.40824e-07
765 4.40824e-07
766 4.40824e-07
767 4.40824e-07
768 4.40824e-07
769 4.40824e-07
770 4.40824e-07
771 4.40824e-07
772 4.40824e-07
773 4.40824e-07
774 4.40824e-07
775 4.40824e-07
776 4.40824e-07
777 4.40824e-07
778 4.40824e-07
779 4.40824e-07
780 4.40824e-07
781 4.40824e-07
782 4.40824e-07
783 4.40824e-07
784 4.40824e-07
785 4.40824e-07
786 1.39111e-06
787 1.39111e-06
788 1.39111e-06
789 1.39111e-06
790 1.39111e-06
791 1.39111e-06
792 1.39111e-06
793 1.39111e-06
794 1.39111e-06
795 1.39111e-06
796 1.39111e-06
797 1.39111e-06
798 1.39111e-06
799 1.39111e-06
800 1.39111e-06
801 1.39111e-06
802 1.39111e-06
803 1.39111e-06
804 1.39111e-06
805 1.39111e-06
806 1.39111e-06
807 1.39111e-06
808 1.39111e-06
809 1.39111e-06
810 1.39111e-06
811 1.39111e-06
812 1.39111e-06
813 1.39111e-06
814 1.39111e-06
815 2.83768e-06
816 2.83768e-06
817 2.83768e-06
818 2.83768e-06
819 2.83768e-06
820 2.83768e-06
821 2.83768e-06
822 2.83768e-06
823 2.83768e-06
824 2.83767e-06
825 2.83767e-06
826 2.83765e-06
827 2.83765e-06
828 2.83759e-06
829 2.83759e-06
830 2.83748e-06
831 2.83748e-06
832 2.83728e-06
833 2.83728e-06
834 2.83701e-06
835 2.83701e-06
836 2.83691e-06
837 2.83691e-06
838 2.83789e-06
839 2.83789e-06
840 2.84247e-06
841 2.84247e-06
842 2.85664e-06
843 4.1119e-06
844 4.25754e-06
845 4.25754e-06
846 4.54226e-06
847 4.54226e-06
848 5.06578e-06
849 5.06578e-06
850 5.97248e-06
851 5.97248e-06
852 7.45354e-06
853 7.45354e-06
854 9.73846e-06
855 9.73846e-06
856 1.30735e-05
857 1.30735e-05
858 1.76895e-05
859 1.76895e-05
860 2.37687e-05
861 2.37687e-05
862 3.14222e-05
863 3.14222e-05
864 4.06928e-05
865 4.06928e-05
866 5.15827e-05
867 5.15827e-05
868 6.40959e-05
869 6.40959e-05
870 7.82654e-05
871 7.82654e-05
872 0.000195612
873 0.000195612
874 0.000232502
875 0.000232502
876 0.000272463
877 0.000272463
878 0.000314525
879 0.000314525
880 0.00035731
881 0.00035731
882 0.000399293
883 0.000399293
884 0.000439187
885 0.000439187
886 0.000476273
887 0.000476273
888 0.000510513
889 0.000510513
890 0.000542362
891 0.000542362
892 0.000572406
893 0.000572406
894 0.000601068
895 0.000601068
896 0.000628691
897 0.000628691
898 0.000656068
899 0.000656068
900 0.000685219
901 0.00135572
902 0.00142506
903 0.00142506
904 0.00151286
905 0.00151286
906 0.00162709
907 0.00162709
908 0.00177233
909 0.00177233
910 0.001947
911 0.001947
912 0.00214224
913 0.00214224
914 0.00234336
915 0.00234336
916 0.0025338
917 0.0025338
918 0.00270054
919 0.00270054
920 0.00283947
921 0.00283947
922 0.00295894
923 0.00295894
924 0.00308061
925 0.00308061
926 0.00323743
927 0.00323743
928 0.00346939
929 0.00636211
930 0.0070035
931 0.0070035
932 0.00788369
933 0.00788369
934 0.00906352
935 0.00906352
936 0.0106034
937 0.0106034
938 0.0125683
939 0.0125683
940 0.0150366
941 0.0150366
942 0.0181171
943 0.0181171
944 0.0219676
945 0.0219676
946 0.0267754
947 0.0267754
948 0.0326767
949 0.0326767
950 0.039674
951 0.039674
952 0.0476152
953 0.0476152
954 0.0562205
955 0.0562205
956 0.0651232
957 0.0651232
958 0.178965
959 0.178965
960 0.206088
961 0.206088
962 0.23156
963 0.23156
964 0.254286
965 0.254286
966 0.2735
967 0.2735
968 0.288893
969 0.288893
970 0.300594
971 0.300594
972 0.308844
973 0.308844
974 0.31383
975 0.31383
976 0.315979
977 0.315979
978 0.315851
979 0.315851
980 0.313794
981 0.313794
982 0.309933
983 0.309933
984 0.304376
985 0.304376
986 0.317356
987 0.317356
988 0.316584
989 0.316584
990 0.315168
991 0.315168
992 0.313256
993 0.313256
994 0.311388
995 0.311388
996 0.310374
997 0.310374
998 0.309858
999 0.309858
1000 0.309566
1001 0
1002 0
1003 0
1004 0
1005 0
1006 0
1007 0
1008 0
1009 0
1010 0
1011 0
1012 0
1013 0
1014 0
1015 0
1016 0
1017 0
1018 0
1019 0
1020 0
1021 0
1022 0
1023 0
1024 0
1025 0
1026 0
1027 0
1028 0
1029 0
1030 0
1031 0
1032 0
1033 0
1034 0
1035 0
1036 0
1037 0
1038 0
1039 0
1040 0
1041 0
1042 0
1043 0
1044 0
1045 0
1046 0
1047 0
1048 0
1049 0
1050 0
1051 0
1052 0
1053 0
1054 0
1055 0
1056 0
1057 0
1058 0
1059 0
1060 0
1061 0
1062 0
1063 0
1064 0
1065 0
1066 0
1067 0
1068 0
1069 0
1070 0
1071 0
1072 0
1073 0
1074 0
1075 0
1076 0
1077 0
1078 0
1079 0
1080 0
1081 0
1082 0
1083 0
1084 0
1085 0
1086 0
1087 0
1088 0
1089 0
1090 0
1091 0
1092 0
1093 0
1094 0
1095 0
1096 0
1097 0
1098 0
1099 0
1100 0
1101 0
1102 0
1103 0
1104 0
1105 0
1106 0
1107 0
1108 0
1109 0
1110 0
1111 0
1112 0
1113 0
1114 0
1115 0
1116 0
1117 0
1118 0
1119 0
1120 0
1121 0
1122 0
1123 0
1124 0
1125 0
1126 0
1127 0
1128 0
1129 0
1130 0
1131 0
1132 0
1133 0
1134 0
1135 0
1136 0
1137 0
1138 0
1139 0
1140 0
1141 0
1142 0
1143 0
1144 0
1145 0
1146 0
1147 0
1148 0
1149 0
1150 0
1151 0
1152 0
1153 0
1154 0
1155 0
1156 0
1157 0
1158 0
1159 0
1160 0
1161 0
1162 0
1163 0
1164 0
1165 0
1166 0
1167 0
1168 0
1169 0
1170 0
1171 0
1172 0
1173 0
1174 0
1175 0
1176 0
1177 0
1178 0
1179 0
1180 0
1181 0
1182 0
1183 0
1184 0
1185 0
1186 0
1187 0
1188 0
1189 0
1190 0
1191 0
1192 0
1193 0
1194 0
1195 0
1196 0
1197 0
1198 0
1199 0
1200 0
1201 0
1202 0
1203 0
1204 0
1205 0
1206 0
1207 0
1208 0
1209 0
1210 0
1211 0
1212 0
1213 0
1214 0
1215 0
1216 0
1217 0
1218 0
1219 0
1220 0
1221 0
1222 0
1223 0
1224 0
1225 0
1226 0
1227 0
1228 0
1229 0
1230 0
1231 0
1232 0
1233 0
1234 0
1235 0
1236 0
1237 0
1238 0
1239 0
1240 0
1241 0
1242 0
1243 0
1244 0
1245 0
1246 0
1247 0
1248 0
1249 0
1250 0
1251 0
1252 0
1253 0
1254 0
1255 0
1256 0
1257 0
1258 0
1259 0
1260 0
1261 0
1262 0
1263 0
1264 0
1265 0
1266 0
1267 0
1268 0
1269 0
1270 0
1271 0
1272 0
1273 0
1274 0
1275 0
1276 0
1277 0
1278 0
1279 0
1280 0
1281 0
1282 0
1283 0
1284 0
1285 0
1286 0
1287 0
1288 0
1289 0
1290 0
1291 0
1292 0
1293 0
1294 0
1295 0
1296 0
1297 0
1298 0
1299 0
1300 0
1301 0
1302 0
1303 0
1304 0
1305 0
1306 0
1307 0
1308 0
1309 0
1310 0
1311 0
1312 0
1313 0
1314 0
1315 0
1316 0
1317 0
1318 0
1319 0
1320 0
1321 0
1322 0
1323 0
1324 0
1325 0
1326 0
1327 0
1328 0
1329 0
1330 0
1331 0
1332 0
1333 0
1334 0
1335 0
1336 0
1337 0
1338 0
1339 0
1340 0
1341 0
1342 0
1343 0
1344 0
1345 0
1346 0
1347 0
1348 0
1349 0
1350 0
1351 0
1352 0
1353 0
1354 0
1355 0
1356 0
1357 0
1358 0
1359 0
1360 0
1361 0
1362 0
1363 0
1364 0
1365 0
1366 0
1367 0
1368 0
1369 0
1370 0
1371 0
1372 0
1373 0
1374 0
1375 0
1376 0
1377 0
1378 0
1379 0
1380 0
1381 0
1382 0
1383 0
1384 0
1385 0
1386 0
1387 0
1388 0
1389 0
1390 0
1391 0
1392 0
1393 0
1394 0
1395 0
1396 0
1397 0
1398 0
1399 0
1400 0
1401 0
1402 0
1403 0
1404 0
1405 0
1406 0
1407 0
1408 0
1409 0
1410 0
1411 0
1412 0
1413 0
1414 0
1415 0
1416 0
1417 0
1418 0
1419 0
1420 0
1421 0
1422 0
1423 0
1424 0
1425 0
1426 0
1427 0
1428 0
1429 0
1430 0
1431 0
1432 0
1433 0
1434 0
1435 0
1436 0
1437 0
1438 0
1439 0
1440 0
1441 0
1442 0
1443 0
1444 0
1445 0
1446 0
1447 0
1448 0
1449 0
1450 0
1451 0
1452 0
1453 0
1454 0
1455 0
1456 0
1457 0
1458 0
1459 0
1460 0
1461 0
1462 0
1463 0
1464 0
1465 0
1466 0
1467 0
1468 0
1469 0
1470 0
1471 0
1472 0
1473 0
1474 0
1475 0
1476 0
1477 0
1478 0
1479 0
1480 0
1481 0
1482 0
1483 0
1484 0
1485 0
1486 0
1487 0
1488 0
1489 0
1490 0
1491 0
1492 0
1493 0
1494 0
1495 0
1496 0
1497 0
1498 0
1499 0
1500 0
1501 0
1502 0
1503 0
1504 0
1505 0
1506 0
1507 0
1508 0
1509 0
1510 0
1511 0
1512 0
1513 0
1514 0
1515 0
1516 0
1517 0
1518 0
1519 0
1520 0
1521 0
1522 0
1523 0
1524 0
1525 0
1526 0
1527 0
1528 0
1529 0
1530 0
1531 0
1532 0
1533 0
1534 0
1535 0
1536 0
1537 0
1538 0
1539 0
1540 0
1541 0
1542 0
1543 0
1544 0
1545 0
1546 0
1547 0
1548 0
1549 0
1550 0
1551 0
1552 0
1553 0
1554 0
1555 0
1556 0
1557 0
1558 0
1559 0
1560 0
1561 0
1562 0
1563 0
1564 0
1565 0
1566 0
1567 0
1568 0
1569 0
1570 0
1571 0
1572 0
1573 0
1574 0
1575 0
1576 0
1577 0
1578 0
1579 0
1580 0
1581 0
1582 0
1583 0
1584 0
1585 0
1586 0
1587 0
1588 0
1589 0
1590 0
1591 0
1592 0
1593 0
1594 0
1595 0
1596 0
1597 0
1598 0
1599 0
1600 0
1601 0
1602 0
1603 0
1604 0
1605 0
1606 0
1607 0
1608 0
1609 0
1610 0
1611 0
1612 0
1613 0
1614 0
1615 0
1616 0
1617 0
1618 0
1619 0
1620 0
1621 0
1622 0
1623 0
1624 0
1625 0
1626 0
1627 0
1628 0
1629 0
1630 0
1631 0
1632 0
1633 0
1634 0
1635 0
1636 0
1637 0
1638 0
1639 0
1640 0
1641 0
1642 0
1643 0
1644 0
1645 0
1646 0
1647 0
1648 0
1649 0
1650 0
1651 0
1652 0
1653 0
1654 0
1655 0
1656 0
1657 0
1658 0
1659 0
1660 0
1661 0
1662 0
1663 0
1664 0
1665 0
1666 0
1667 0
1668 0
1669 0
1670 0
1671 0
1672 0
1673 0
1674 0
1675 0
1676 0
1677 0
1678 0
1679 0
1680 0
1681 0
1682 0
1683 0
1684 0
1685 0
1686 0
1687 0
1688 0
1689 0
1690 0
1691 0
1692 0
1693 0
1694 0
1695 0
1696 0
1697 0
1698 0
1699 0
1700 0
1701 0
1702 0
1703 0
1704 0
1705 0
1706 0
1707 0
1708 0
1709 0
1710 0
1711 0
1712 0
1713 0
1714 0
1715 0
1716 0
1717 0
1718 0
1719 0
1720 0
1721 0
1722 0
1723 0
1724 0
1725 0
1726 0
1727 0
1728 0
1729 0
1730 0
1731 0
1732 0
1733 0
1734 0
1735 0
1736 0
1737 0
1738 0
1739 0
1740 0
1741 0
1742 0
1743 0
1744 0
1745 0
1746 0
1747 0
1748 0
1749 0
1750 0
1751 0
1752 0
1753 0
1754 0
1755 0
1756 0
1757 0
1758 0
1759 0
1760 0
1761 0
1762 0
1763 0
1764 0
1765 0
1766 0
1767 0
1768 0
1769 0
1770 0
1771 0
1772 0
1773 0
1774 0
1775 0
1776 0
1777 0
1778 0
1779 0
1780 0
1781 0
1782 0
1783 0
1784 0
1785 0
1786 0
1787 0
1788 0
1789 0
1790 0
1791 0
1792 0
1793 0
1794 0
1795 0
1796 0
1797 0
1798 0
1799 0
1800 0
1801 0
1802 0
1803 0
1804 0
1805 0
1806 0
1807 0
1808 0
1809 0
1810 0
1811 0
1812 0
1813 0
1814 0
1815 0
1816 0
1817 0
1818 0
1819 0
1820 0
1821 0
1822 0
1823 0
1824 0
1825 0
1826 0
1827 0
1828 0
1829 0
1830 0
1831 0
1832 0
1833 0
1834 0
1835 0
1836 0
1837 0
1838 0
1839 0
1840 0
1841 0
1842 0
1843 0
1844 0
1845 0
1846 0
1847 0
1848 0
1849 0
1850 0
1851 0
1852 0
1853 0
1854 0
1855 0
1856 0
1857 0
1858 0
1859 0
1860 0
1861 0
1862 0
1863 0
1864 0
1865 0
1866 0
1867 0
1868 0
1869 0
1870 0
1871 0
1872 0
1873 0
1874 0
1875 0
1876 0
1877 0
1878 0
1879 0
1880 0
1881 0
1882 0
1883 0
1884 0
1885 0
1886 0
1887 0
1888 0
1889 0
1890 0
1891 0
1892 0
1893 0
1894 0
1895 0
1896 0
1897 0
1898 0
1899 0
1900 0
1901 0
1902 0
1903 0
1904 0
1905 0
1906 0
1907 0
1908 0
1909 0
1910 0
1911 0
1912 0
1913 0
1914 0
1915 0
1916 0
1917 0
1918 0
1919 0
1920 0
1921 0
1922 0
1923 0
1924 0
1925 0
1926 0
1927 0
1928 0
1929 0
1930 0
1931 0
1932 0
1933 0
1934 0
1935 0
1936 0
1937 0
1938 0
1939 0
1940 0
1941 0
1942 0
1943 0
1944 0
1945 0
1946 0
1947 0
1948 0
1949 0
1950 0
1951 0
1952 0
1953 0
1954 0
1955 0
1956 0
1957 0
1958 0
1959 0
1960 0
1961 0
1962 0
1963 0
1964 0
1965 0
1966 0
1967 0
1968 0
1969 0
1970 0
1971 0
1972 0
1973 0
1974 0
1975 0
1976 0
1977 0
1978 0
1979 0
1980 0
1981 0
1982 0
1983 0
1984 0
1985 0
1986 0
1987 0
1988 0
1989 0
1990 0
1991 0
1992 0
1993 0
1994 0
1995 0
1996 0
1997 0
1998 0
1999 0
2000 0
