0.0328767123287671 -0.10354223433242504
0.28767123287671226 -0.12397820163487738
0.5095890410958904 -0.17166212534059944
0.8630136986301368 -0.29427792915531326
1.0684931506849313 -0.38283378746594
1.3068493150684932 -0.49863760217983644
1.56986301369863 -0.6348773841961854
1.7835616438356166 -0.7438692098092643
2.0054794520547943 -0.8596730245231607
2.2109589041095887 -0.9618528610354224
2.465753424657534 -1.084468664850136
2.6712328767123283 -1.1866485013623977
2.9013698630136986 -1.3092643051771113
3.1150684931506847 -1.4318801089918258
3.353424657534246 -1.581743869209809
3.5424657534246577 -1.7043596730245234
