0.0328767123287671 -0.10354223433242504
0.28767123287671226 -0.12397820163487738
0.5095890410958904 -0.1784741144414168
0.8547945205479451 -0.29427792915531326
1.0602739726027393 -0.3760217983651226
1.2986301369863011 -0.49863760217983644
1.5616438356164384 -0.6416893732970026
1.7671232876712328 -0.757493188010899
2.0054794520547943 -0.8732970027247955
2.2109589041095887 -0.9822888283378743
2.4493150684931506 -1.0980926430517708
2.6465753424657534 -1.20708446866485
2.893150684931507 -1.3297002724795641
3.0904109589041093 -1.4523160762942777
3.336986301369863 -1.595367847411444
3.5342465753424657 -1.7179836512261581
