0 -1.70381e-09
1 -1.70381e-09
2 -1.70381e-09
3 -1.70381e-09
4 -1.70381e-09
5 -1.70381e-09
6 -1.70381e-09
7 -1.70381e-09
8 -1.70381e-09
9 -1.70381e-09
10 -1.70381e-09
11 -1.70381e-09
12 -1.70381e-09
13 -1.70381e-09
14 -6.87017e-10
15 -6.87017e-10
16 -6.87017e-10
17 -6.87017e-10
18 -6.87017e-10
19 -6.87017e-10
20 -6.87017e-10
21 -6.87017e-10
22 -6.87017e-10
23 -6.87017e-10
24 -6.87017e-10
25 -6.87017e-10
26 -6.87017e-10
27 -6.87017e-10
28 -6.87017e-10
29 -6.87017e-10
30 -6.87017e-10
31 -6.87017e-10
32 -6.87017e-10
33 -6.87017e-10
34 -6.87017e-10
35 -6.87017e-10
36 -6.87017e-10
37 -6.87017e-10
38 -6.87017e-10
39 -6.87017e-10
40 -6.87017e-10
41 -6.87017e-10
42 -6.87017e-10
43 -1.87481e-09
44 -1.87481e-09
45 -1.87481e-09
46 -1.87481e-09
47 -1.87481e-09
48 -1.87481e-09
49 -1.87481e-09
50 -1.87481e-09
51 -1.87481e-09
52 -1.87481e-09
53 -1.87481e-09
54 -1.87481e-09
55 -1.87481e-09
56 -1.87481e-09
57 -1.87481e-09
58 -1.87481e-09
59 -1.87481e-09
60 -1.87481e-09
61 -1.87481e-09
62 -1.87481e-09
63 -1.87481e-09
64 -1.87481e-09
65 -1.87481e-09
66 -1.87481e-09
67 -1.87481e-09
68 -1.87481e-09
69 -1.87481e-09
70 -1.87481e-09
71 -2.72742e-10
72 -2.72742e-10
73 -2.72742e-10
74 -2.72742e-10
75 -2.72742e-10
76 -2.72742e-10
77 -2.72742e-10
78 -2.72742e-10
79 -2.72742e-10
80 -2.72742e-10
81 -2.72742e-10
82 -2.72742e-10
83 -2.72742e-10
84 -2.72742e-10
85 -2.72742e-10
86 -2.72742e-10
87 -2.72742e-10
88 -2.72742e-10
89 -2.72742e-10
90 -2.72742e-10
91 -2.72742e-10
92 -2.72742e-10
93 -2.72742e-10
94 -2.72742e-10
95 -2.72742e-10
96 -2.72742e-10
97 -2.72742e-10
98 -2.72742e-10
99 -2.72742e-10
100 -2.02486e-09
101 -2.02486e-09
102 -2.02486e-09
103 -2.02486e-09
104 -2.02486e-09
105 -2.02486e-09
106 -2.02486e-09
107 -2.02486e-09
108 -2.02486e-09
109 -2.02486e-09
110 -2.02486e-09
111 -2.02486e-09
112 -2.02486e-09
113 -2.02486e-09
114 -2.02486e-09
115 -2.02486e-09
116 -2.02486e-09
117 -2.02486e-09
118 -2.02486e-09
119 -2.02486e-09
120 -2.02486e-09
121 -2.02486e-09
122 -2.02486e-09
123 -2.02486e-09
124 -2.02486e-09
125 -2.02486e-09
126 -2.02486e-09
127 -2.02486e-09
128 2.83333e-10
129 2.83333e-10
130 2.83333e-10
131 2.83333e-10
132 2.83333e-10
133 2.83333e-10
134 2.83333e-10
135 2.83333e-10
136 2.83333e-10
137 2.83333e-10
138 2.83333e-10
139 2.83333e-10
140 2.83333e-10
141 2.83333e-10
142 2.83333e-10
143 2.83333e-10
144 2.83333e-10
145 2.83333e-10
146 2.83333e-10
147 2.83333e-10
148 2.83333e-10
149 2.83333e-10
150 2.83333e-10
151 2.83333e-10
152 2.83333e-10
153 2.83333e-10
154 2.83333e-10
155 2.83333e-10
156 2.83333e-10
157 -2.2874e-09
158 -2.2874e-09
159 -2.2874e-09
160 -2.2874e-09
161 -2.2874e-09
162 -2.2874e-09
163 -2.2874e-09
164 -2.2874e-09
165 -2.2874e-09
166 -2.2874e-09
167 -2.2874e-09
168 -2.2874e-09
169 -2.2874e-09
170 -2.2874e-09
171 -2.2874e-09
172 -2.2874e-09
173 -2.2874e-09
174 -2.2874e-09
175 -2.2874e-09
176 -2.2874e-09
177 -2.2874e-09
178 -2.2874e-09
179 -2.2874e-09
180 -2.2874e-09
181 -2.2874e-09
182 -2.2874e-09
183 -2.2874e-09
184 -2.2874e-09
185 -2.2874e-09
186 8.73601e-10
187 8.73601e-10
188 8.73601e-10
189 8.73601e-10
190 8.73601e-10
191 8.73601e-10
192 8.73601e-10
193 8.73601e-10
194 8.73601e-10
195 8.73601e-10
196 8.73601e-10
197 8.73601e-10
198 8.73601e-10
199 8.73601e-10
200 8.73601e-10
201 8.73601e-10
202 8.73601e-10
203 8.73601e-10
204 8.73601e-10
205 8.73601e-10
206 8.73601e-10
207 8.73601e-10
208 8.73601e-10
209 8.73601e-10
210 8.73601e-10
211 8.73601e-10
212 8.73601e-10
213 8.73601e-10
214 -2.75007e-09
215 -2.75007e-09
216 -2.75007e-09
217 -2.75007e-09
218 -2.75007e-09
219 -2.75007e-09
220 -2.75007e-09
221 -2.75007e-09
222 -2.75007e-09
223 -2.75007e-09
224 -2.75007e-09
225 -2.75007e-09
226 -2.75007e-09
227 -2.75007e-09
228 -2.75007e-09
229 -2.75007e-09
230 -2.75007e-09
231 -2.75007e-09
232 -2.75007e-09
233 -2.75007e-09
234 -2.75007e-09
235 -2.75007e-09
236 -2.75007e-09
237 -2.75007e-09
238 -2.75007e-09
239 -2.75007e-09
240 -2.75007e-09
241 -2.75007e-09
242 -2.75007e-09
243 1.43872e-09
244 1.43872e-09
245 1.43872e-09
246 1.43872e-09
247 1.43872e-09
248 1.43872e-09
249 1.43872e-09
250 1.43872e-09
251 1.43872e-09
252 1.43872e-09
253 1.43872e-09
254 1.43872e-09
255 1.43872e-09
256 1.43872e-09
257 1.43872e-09
258 1.43872e-09
259 1.43872e-09
260 1.43872e-09
261 1.43872e-09
262 1.43872e-09
263 1.43872e-09
264 1.43872e-09
265 1.43872e-09
266 1.43872e-09
267 1.43872e-09
268 1.43872e-09
269 1.43872e-09
270 1.43872e-09
271 -3.40652e-09
272 -3.40652e-09
273 -3.40652e-09
274 -3.40652e-09
275 -3.40652e-09
276 -3.40652e-09
277 -3.40652e-09
278 -3.40652e-09
279 -3.40652e-09
280 -3.40652e-09
281 -3.40652e-09
282 -3.40652e-09
283 -3.40652e-09
284 -3.40652e-09
285 -3.40652e-09
286 -3.40652e-09
287 -3.40652e-09
288 -3.40652e-09
289 -3.40652e-09
290 -3.40652e-09
291 -3.40652e-09
292 -3.40652e-09
293 -3.40652e-09
294 -3.40652e-09
295 -3.40652e-09
296 -3.40652e-09
297 -3.40652e-09
298 -3.40652e-09
299 -3.40652e-09
300 1.97681e-09
301 1.97681e-09
302 1.97681e-09
303 1.97681e-09
304 1.97681e-09
305 1.97681e-09
306 1.97681e-09
307 1.97681e-09
308 1.97681e-09
309 1.97681e-09
310 1.97681e-09
311 1.97681e-09
312 1.97681e-09
313 1.97681e-09
314 1.97681e-09
315 1.97681e-09
316 1.97681e-09
317 1.97681e-09
318 1.97681e-09
319 1.97681e-09
320 1.97681e-09
321 1.97681e-09
322 1.97681e-09
323 1.97681e-09
324 1.97681e-09
325 1.97681e-09
326 1.97681e-09
327 1.97681e-09
328 1.97681e-09
329 -4.16177e-09
330 -4.16177e-09
331 -4.16177e-09
332 -4.16177e-09
333 -4.16177e-09
334 -4.16177e-09
335 -4.16177e-09
336 -4.16177e-09
337 -4.16177e-09
338 -4.16177e-09
339 -4.16177e-09
340 -4.16177e-09
341 -4.16177e-09
342 -4.16177e-09
343 -4.16177e-09
344 -4.16177e-09
345 -4.16177e-09
346 -4.16177e-09
347 -4.16177e-09
348 -4.16177e-09
349 -4.16177e-09
350 -4.16177e-09
351 -4.16177e-09
352 -4.16177e-09
353 -4.16177e-09
354 -4.16177e-09
355 -4.16177e-09
356 -4.16177e-09
357 2.50758e-09
358 2.50758e-09
359 2.50758e-09
360 2.50758e-09
361 2.50758e-09
362 2.50758e-09
363 2.50758e-09
364 2.50758e-09
365 2.50758e-09
366 2.50758e-09
367 2.50758e-09
368 2.50758e-09
369 2.50758e-09
370 2.50758e-09
371 2.50758e-09
372 2.50758e-09
373 2.50758e-09
374 2.50758e-09
375 2.50758e-09
376 2.50758e-09
377 2.50758e-09
378 2.50758e-09
379 2.50758e-09
380 2.50758e-09
381 2.50758e-09
382 2.50758e-09
383 2.50758e-09
384 2.50758e-09
385 2.50758e-09
386 -4.87578e-09
387 -4.87578e-09
388 -4.87578e-09
389 -4.87578e-09
390 -4.87578e-09
391 -4.87578e-09
392 -4.87578e-09
393 -4.87578e-09
394 -4.87578e-09
395 -4.87578e-09
396 -4.87578e-09
397 -4.87578e-09
398 -4.87578e-09
399 -4.87578e-09
400 -4.87578e-09
401 -4.87578e-09
402 -4.87578e-09
403 -4.87578e-09
404 -4.87578e-09
405 -4.87578e-09
406 -4.87578e-09
407 -4.87578e-09
408 -4.87578e-09
409 -4.87578e-09
410 -4.87578e-09
411 -4.87578e-09
412 -4.87578e-09
413 -4.87578e-09
414 3.02219e-09
415 3.02219e-09
416 3.02219e-09
417 3.02219e-09
418 3.02219e-09
419 3.02219e-09
420 3.02219e-09
421 3.02219e-09
422 3.02219e-09
423 3.02219e-09
424 3.02219e-09
425 3.02219e-09
426 3.02219e-09
427 3.02219e-09
428 3.02219e-09
429 3.02219e-09
430 3.02219e-09
431 3.02219e-09
432 3.02219e-09
433 3.02219e-09
434 3.02219e-09
435 3.02219e-09
436 3.02219e-09
437 3.02219e-09
438 3.02219e-09
439 3.02219e-09
440 3.02219e-09
441 3.02219e-09
442 3.02219e-09
443 -5.41447e-09
444 -5.41447e-09
445 -5.41447e-09
446 -5.41447e-09
447 -5.41447e-09
448 -5.41447e-09
449 -5.41447e-09
450 -5.41447e-09
451 -5.41447e-09
452 -5.41447e-09
453 -5.41447e-09
454 -5.41447e-09
455 -5.41447e-09
456 -5.41447e-09
457 -5.41447e-09
458 -5.41447e-09
459 -5.41447e-09
460 -5.41447e-09
461 -5.41447e-09
462 -5.41447e-09
463 -5.41447e-09
464 -5.41447e-09
465 -5.41447e-09
466 -5.41447e-09
467 -5.41447e-09
468 -5.41447e-09
469 -5.41447e-09
470 -5.41447e-09
471 -5.41447e-09
472 3.455e-09
473 3.455e-09
474 3.455e-09
475 3.455e-09
476 3.455e-09
477 3.455e-09
478 3.455e-09
479 3.455e-09
480 3.455e-09
481 3.455e-09
482 3.455e-09
483 3.455e-09
484 3.455e-09
485 3.455e-09
486 3.455e-09
487 3.455e-09
488 3.455e-09
489 3.455e-09
490 3.455e-09
491 3.455e-09
492 3.455e-09
493 3.455e-09
494 3.455e-09
495 3.455e-09
496 3.455e-09
497 3.455e-09
498 3.455e-09
499 3.455e-09
500 -5.68598e-09
501 -5.68598e-09
502 -5.68598e-09
503 -5.68598e-09
504 -5.68598e-09
505 -5.68598e-09
506 -5.68598e-09
507 -5.68598e-09
508 -5.68598e-09
509 -5.68598e-09
510 -5.68598e-09
511 -5.68598e-09
512 -5.68598e-09
513 -5.68598e-09
514 -5.68598e-09
515 -5.68598e-09
516 -5.68598e-09
517 -5.68598e-09
518 -5.68598e-09
519 -5.68598e-09
520 -5.68598e-09
521 -5.68598e-09
522 -5.68598e-09
523 -5.68598e-09
524 -5.68598e-09
525 -5.68598e-09
526 -5.68598e-09
527 -5.68598e-09
528 -5.68598e-09
529 3.70392e-09
530 3.70392e-09
531 3.70392e-09
532 3.70392e-09
533 3.70392e-09
534 3.70392e-09
535 3.70392e-09
536 3.70392e-09
537 3.70392e-09
538 3.70392e-09
539 3.70392e-09
540 3.70392e-09
541 3.70392e-09
542 3.70392e-09
543 3.70392e-09
544 3.70392e-09
545 3.70392e-09
546 3.70391e-09
547 3.70391e-09
548 3.70391e-09
549 3.70391e-09
550 3.70391e-09
551 3.70391e-09
552 3.7039e-09
553 3.7039e-09
554 3.70387e-09
555 3.70387e-09
556 3.70382e-09
557 -5.67272e-09
558 -5.67282e-09
559 -5.67282e-09
560 -5.67303e-09
561 -5.67303e-09
562 -5.67345e-09
563 -5.67345e-09
564 -5.67429e-09
565 -5.67429e-09
566 -5.67594e-09
567 -5.67594e-09
568 -5.67909e-09
569 -5.67909e-09
570 -5.68499e-09
571 -5.68499e-09
572 -5.69586e-09
573 -5.69586e-09
574 -5.71547e-09
575 -5.71547e-09
576 -5.75018e-09
577 -5.75018e-09
578 -5.81044e-09
579 -5.81044e-09
580 -5.91302e-09
581 -5.91302e-09
582 -6.08429e-09
583 -6.08429e-09
584 -6.36472e-09
585 -6.36472e-09
586 2.78269e-09
587 2.78269e-09
588 2.2013e-09
589 2.2013e-09
590 1.31177e-09
591 1.31177e-09
592 -2.18621e-11
593 -2.18621e-11
594 -1.98105e-09
595 -1.98105e-09
596 -4.80112e-09
597 -4.80112e-09
598 -8.77839e-09
599 -8.77839e-09
600 -1.42746e-08
601 -1.42746e-08
602 -2.17176e-08
603 -2.17176e-08
604 -3.15968e-08
605 -3.15968e-08
606 -4.44535e-08
607 -4.44535e-08
608 -6.08676e-08
609 -6.08676e-08
610 -8.14424e-08
611 -8.14424e-08
612 -1.06793e-07
613 -1.06793e-07
614 -1.37546e-07
615 -8.44382e-08
616 -9.99895e-08
617 -9.99895e-08
618 -1.1669e-07
619 -1.1669e-07
620 -1.34451e-07
621 -1.34451e-07
622 -1.53419e-07
623 -1.53419e-07
624 -1.74139e-07
625 -1.74139e-07
626 -1.9772e-07
627 -1.9772e-07
628 -2.25985e-07
629 -2.25985e-07
630 -2.61543e-07
631 -2.61543e-07
632 -3.0776e-07
633 -3.0776e-07
634 -3.68569e-07
635 -3.68569e-07
636 -4.48119e-07
637 -4.48119e-07
638 -5.50243e-07
639 -5.50243e-07
640 -6.77804e-07
641 -6.77804e-07
642 -8.31984e-07
643 3.68894e-07
644 3.39175e-07
645 3.39175e-07
646 2.92569e-07
647 2.92569e-07
648 2.34027e-07
649 2.34027e-07
650 1.70998e-07
651 1.70998e-07
652 1.12703e-07
653 1.12703e-07
654 6.89885e-08
655 6.89885e-08
656 4.88657e-08
657 4.88657e-08
658 5.89527e-08
659 5.89527e-08
660 1.02083e-07
661 1.02083e-07
662 1.76357e-07
663 1.76357e-07
664 2.74858e-07
665 2.74858e-07
666 3.86172e-07
667 3.86172e-07
668 4.95701e-07
669 4.95701e-07
670 5.87602e-07
671 5.87602e-07
672 4.09548e-06
673 4.09548e-06
674 4.18219e-06
675 4.18219e-06
676 4.21409e-06
677 4.21409e-06
678 4.19322e-06
679 4.19322e-06
680 4.12731e-06
681 4.12731e-06
682 4.02858e-06
683 4.02858e-06
684 3.91161e-06
685 3.91161e-06
686 3.79099e-06
687 3.79099e-06
688 3.67884e-06
689 3.67884e-06
690 3.583e-06
691 3.583e-06
692 3.5059e-06
693 3.5059e-06
694 3.44468e-06
695 3.44468e-06
696 3.39213e-06
697 3.39213e-06
698 3.33864e-06
699 3.33864e-06
700 9.04429e-06
701 9.04429e-06
702 9.1002e-06
703 9.1002e-06
704 9.14057e-06
705 9.14057e-06
706 9.1679e-06
707 9.1679e-06
708 9.18925e-06
709 9.18925e-06
710 9.21498e-06
711 9.21498e-06
712 9.25687e-06
713 9.25687e-06
714 9.32599e-06
715 9.32599e-06
716 9.43072e-06
717 9.43072e-06
718 9.57542e-06
719 9.57542e-06
720 9.75986e-06
721 9.75986e-06
722 9.97946e-06
723 9.97946e-06
724 1.02264e-05
725 1.02264e-05
726 1.04911e-05
727 1.04911e-05
728 1.07641e-05
729 2.34428e-05
730 2.40685e-05
731 2.40685e-05
732 2.46994e-05
733 2.46994e-05
734 2.5335e-05
735 2.5335e-05
736 2.59779e-05
737 2.59779e-05
738 2.6633e-05
739 2.6633e-05
740 2.73066e-05
741 2.73066e-05
742 2.8006e-05
743 2.8006e-05
744 2.87385e-05
745 2.87385e-05
746 2.95116e-05
747 2.95116e-05
748 3.03327e-05
749 3.03327e-05
750 3.12104e-05
751 3.12104e-05
752 3.21553e-05
753 3.21553e-05
754 3.3181e-05
755 3.3181e-05
756 3.43059e-05
757 3.43059e-05
758 6.99982e-05
759 6.99982e-05
760 7.2213e-05
761 7.2213e-05
762 7.45828e-05
763 7.45828e-05
764 7.71254e-05
765 7.71254e-05
766 7.98498e-05
767 7.98498e-05
768 8.27514e-05
769 8.27514e-05
770 8.58074e-05
771 8.58074e-05
772 8.89762e-05
773 8.89762e-05
774 9.21999e-05
775 9.21999e-05
776 9.54103e-05
777 9.54103e-05
778 9.85381e-05
779 9.85381e-05
780 0.000101523
781 0.000101523
782 0.000104321
783 0.000104321
784 0.000106917
785 0.000106917
786 0.000202169
787 0.000202169
788 0.000207293
789 0.000207293
790 0.000212643
791 0.000212643
792 0.000218306
793 0.000218306
794 0.000224377
795 0.000224377
796 0.000230941
797 0.000230941
798 0.00023807
799 0.00023807
800 0.000245812
801 0.000245812
802 0.000254191
803 0.000254191
804 0.000263212
805 0.000263212
806 0.000272873
807 0.000272873
808 0.000283181
809 0.000283181
810 0.00029416
811 0.00029416
812 0.000305863
813 0.000305863
814 0.000318359
815 0.000647279
816 0.000675195
817 0.000675195
818 0.000704987
819 0.000704987
820 0.000736762
821 0.000736762
822 0.000770606
823 0.000770606
824 0.000806608
825 0.000806608
826 0.000844894
827 0.000844894
828 0.000885652
829 0.000885652
830 0.000929155
831 0.000929155
832 0.000975752
833 0.000975752
834 0.00102585
835 0.00102585
836 0.00107988
837 0.00107988
838 0.0011383
839 0.0011383
840 0.00120156
841 0.00120156
842 0.00127018
843 0.00247728
844 0.00262227
845 0.00262227
846 0.00278024
847 0.00278024
848 0.002953
849 0.002953
850 0.00314275
851 0.00314275
852 0.00335205
853 0.00335205
854 0.0035839
855 0.0035839
856 0.00384182
857 0.00384182
858 0.00413007
859 0.00413007
860 0.00445415
861 0.00445415
862 0.00482216
863 0.00482216
864 0.00524839
865 0.00524839
866 0.00576212
867 0.00576212
868 0.00642576
869 0.00642576
870 0.00736318
871 0.00736318
872 0.0152124
873 0.0152124
874 0.0188624
875 0.0188624
876 0.0241725
877 0.0241725
878 0.0313084
879 0.0313084
880 0.0399699
881 0.0399699
882 0.0494736
883 0.0494736
884 0.0591338
885 0.0591338
886 0.0690529
887 0.0690529
888 0.0804297
889 0.0804297
890 0.0960145
891 0.0960145
892 0.118699
893 0.118699
894 0.153312
895 0.153312
896 0.215524
897 0.215524
898 0.368687
899 0.368687
900 0.618265
901 0.632358
902 0.647621
903 0.647621
904 0.632991
905 0.632991
906 0.628349
907 0.628349
908 0.594246
909 0.594246
910 0.530162
911 0.530162
912 0.510506
913 0.510506
914 0.518433
915 0.518433
916 0.544879
917 0.544879
918 0.548944
919 0.548944
920 0.528393
921 0.528393
922 0.505379
923 0.505379
924 0.493985
925 0.493985
926 0.483394
927 0.483394
928 0.46519
929 0.49271
930 0.490395
931 0.490395
932 0.491941
933 0.491941
934 0.490023
935 0.490023
936 0.483492
937 0.483492
938 0.475556
939 0.475556
940 0.466632
941 0.466632
942 0.457165
943 0.457165
944 0.447481
945 0.447481
946 0.43778
947 0.43778
948 0.427392
949 0.427392
950 0.417927
951 0.417927
952 0.402029
953 0.402029
954 0.381894
955 0.381894
956 0.3771
957 0.3771
958 0.391997
959 0.391997
960 0.380103
961 0.380103
962 0.368516
963 0.368516
964 0.359466
965 0.359466
966 0.355749
967 0.355749
968 0.355666
969 0.355666
970 0.354968
971 0.354968
972 0.352469
973 0.352469
974 0.348013
975 0.348013
976 0.342585
977 0.342585
978 0.33646
979 0.33646
980 0.327878
981 0.327878
982 0.308058
983 0.308058
984 0.298155
985 0.298155
986 0.323985
987 0.323985
988 0.325952
989 0.325952
990 0.321825
991 0.321825
992 0.318402
993 0.318402
994 0.316931
995 0.316931
996 0.318593
997 0.318593
998 0.322199
999 0.322199
1000 0.323497
1001 0
1002 0
1003 0
1004 0
1005 0
1006 0
1007 0
1008 0
1009 0
1010 0
1011 0
1012 0
1013 0
1014 0
1015 0
1016 0
1017 0
1018 0
1019 0
1020 0
1021 0
1022 0
1023 0
1024 0
1025 0
1026 0
1027 0
1028 0
1029 0
1030 0
1031 0
1032 0
1033 0
1034 0
1035 0
1036 0
1037 0
1038 0
1039 0
1040 0
1041 0
1042 0
1043 0
1044 0
1045 0
1046 0
1047 0
1048 0
1049 0
1050 0
1051 0
1052 0
1053 0
1054 0
1055 0
1056 0
1057 0
1058 0
1059 0
1060 0
1061 0
1062 0
1063 0
1064 0
1065 0
1066 0
1067 0
1068 0
1069 0
1070 0
1071 0
1072 0
1073 0
1074 0
1075 0
1076 0
1077 0
1078 0
1079 0
1080 0
1081 0
1082 0
1083 0
1084 0
1085 0
1086 0
1087 0
1088 0
1089 0
1090 0
1091 0
1092 0
1093 0
1094 0
1095 0
1096 0
1097 0
1098 0
1099 0
1100 0
1101 0
1102 0
1103 0
1104 0
1105 0
1106 0
1107 0
1108 0
1109 0
1110 0
1111 0
1112 0
1113 0
1114 0
1115 0
1116 0
1117 0
1118 0
1119 0
1120 0
1121 0
1122 0
1123 0
1124 0
1125 0
1126 0
1127 0
1128 0
1129 0
1130 0
1131 0
1132 0
1133 0
1134 0
1135 0
1136 0
1137 0
1138 0
1139 0
1140 0
1141 0
1142 0
1143 0
1144 0
1145 0
1146 0
1147 0
1148 0
1149 0
1150 0
1151 0
1152 0
1153 0
1154 0
1155 0
1156 0
1157 0
1158 0
1159 0
1160 0
1161 0
1162 0
1163 0
1164 0
1165 0
1166 0
1167 0
1168 0
1169 0
1170 0
1171 0
1172 0
1173 0
1174 0
1175 0
1176 0
1177 0
1178 0
1179 0
1180 0
1181 0
1182 0
1183 0
1184 0
1185 0
1186 0
1187 0
1188 0
1189 0
1190 0
1191 0
1192 0
1193 0
1194 0
1195 0
1196 0
1197 0
1198 0
1199 0
1200 0
1201 0
1202 0
1203 0
1204 0
1205 0
1206 0
1207 0
1208 0
1209 0
1210 0
1211 0
1212 0
1213 0
1214 0
1215 0
1216 0
1217 0
1218 0
1219 0
1220 0
1221 0
1222 0
1223 0
1224 0
1225 0
1226 0
1227 0
1228 0
1229 0
1230 0
1231 0
1232 0
1233 0
1234 0
1235 0
1236 0
1237 0
1238 0
1239 0
1240 0
1241 0
1242 0
1243 0
1244 0
1245 0
1246 0
1247 0
1248 0
1249 0
1250 0
1251 0
1252 0
1253 0
1254 0
1255 0
1256 0
1257 0
1258 0
1259 0
1260 0
1261 0
1262 0
1263 0
1264 0
1265 0
1266 0
1267 0
1268 0
1269 0
1270 0
1271 0
1272 0
1273 0
1274 0
1275 0
1276 0
1277 0
1278 0
1279 0
1280 0
1281 0
1282 0
1283 0
1284 0
1285 0
1286 0
1287 0
1288 0
1289 0
1290 0
1291 0
1292 0
1293 0
1294 0
1295 0
1296 0
1297 0
1298 0
1299 0
1300 0
1301 0
1302 0
1303 0
1304 0
1305 0
1306 0
1307 0
1308 0
1309 0
1310 0
1311 0
1312 0
1313 0
1314 0
1315 0
1316 0
1317 0
1318 0
1319 0
1320 0
1321 0
1322 0
1323 0
1324 0
1325 0
1326 0
1327 0
1328 0
1329 0
1330 0
1331 0
1332 0
1333 0
1334 0
1335 0
1336 0
1337 0
1338 0
1339 0
1340 0
1341 0
1342 0
1343 0
1344 0
1345 0
1346 0
1347 0
1348 0
1349 0
1350 0
1351 0
1352 0
1353 0
1354 0
1355 0
1356 0
1357 0
1358 0
1359 0
1360 0
1361 0
1362 0
1363 0
1364 0
1365 0
1366 0
1367 0
1368 0
1369 0
1370 0
1371 0
1372 0
1373 0
1374 0
1375 0
1376 0
1377 0
1378 0
1379 0
1380 0
1381 0
1382 0
1383 0
1384 0
1385 0
1386 0
1387 0
1388 0
1389 0
1390 0
1391 0
1392 0
1393 0
1394 0
1395 0
1396 0
1397 0
1398 0
1399 0
1400 0
1401 0
1402 0
1403 0
1404 0
1405 0
1406 0
1407 0
1408 0
1409 0
1410 0
1411 0
1412 0
1413 0
1414 0
1415 0
1416 0
1417 0
1418 0
1419 0
1420 0
1421 0
1422 0
1423 0
1424 0
1425 0
1426 0
1427 0
1428 0
1429 0
1430 0
1431 0
1432 0
1433 0
1434 0
1435 0
1436 0
1437 0
1438 0
1439 0
1440 0
1441 0
1442 0
1443 0
1444 0
1445 0
1446 0
1447 0
1448 0
1449 0
1450 0
1451 0
1452 0
1453 0
1454 0
1455 0
1456 0
1457 0
1458 0
1459 0
1460 0
1461 0
1462 0
1463 0
1464 0
1465 0
1466 0
1467 0
1468 0
1469 0
1470 0
1471 0
1472 0
1473 0
1474 0
1475 0
1476 0
1477 0
1478 0
1479 0
1480 0
1481 0
1482 0
1483 0
1484 0
1485 0
1486 0
1487 0
1488 0
1489 0
1490 0
1491 0
1492 0
1493 0
1494 0
1495 0
1496 0
1497 0
1498 0
1499 0
1500 0
1501 0
1502 0
1503 0
1504 0
1505 0
1506 0
1507 0
1508 0
1509 0
1510 0
1511 0
1512 0
1513 0
1514 0
1515 0
1516 0
1517 0
1518 0
1519 0
1520 0
1521 0
1522 0
1523 0
1524 0
1525 0
1526 0
1527 0
1528 0
1529 0
1530 0
1531 0
1532 0
1533 0
1534 0
1535 0
1536 0
1537 0
1538 0
1539 0
1540 0
1541 0
1542 0
1543 0
1544 0
1545 0
1546 0
1547 0
1548 0
1549 0
1550 0
1551 0
1552 0
1553 0
1554 0
1555 0
1556 0
1557 0
1558 0
1559 0
1560 0
1561 0
1562 0
1563 0
1564 0
1565 0
1566 0
1567 0
1568 0
1569 0
1570 0
1571 0
1572 0
1573 0
1574 0
1575 0
1576 0
1577 0
1578 0
1579 0
1580 0
1581 0
1582 0
1583 0
1584 0
1585 0
1586 0
1587 0
1588 0
1589 0
1590 0
1591 0
1592 0
1593 0
1594 0
1595 0
1596 0
1597 0
1598 0
1599 0
1600 0
1601 0
1602 0
1603 0
1604 0
1605 0
1606 0
1607 0
1608 0
1609 0
1610 0
1611 0
1612 0
1613 0
1614 0
1615 0
1616 0
1617 0
1618 0
1619 0
1620 0
1621 0
1622 0
1623 0
1624 0
1625 0
1626 0
1627 0
1628 0
1629 0
1630 0
1631 0
1632 0
1633 0
1634 0
1635 0
1636 0
1637 0
1638 0
1639 0
1640 0
1641 0
1642 0
1643 0
1644 0
1645 0
1646 0
1647 0
1648 0
1649 0
1650 0
1651 0
1652 0
1653 0
1654 0
1655 0
1656 0
1657 0
1658 0
1659 0
1660 0
1661 0
1662 0
1663 0
1664 0
1665 0
1666 0
1667 0
1668 0
1669 0
1670 0
1671 0
1672 0
1673 0
1674 0
1675 0
1676 0
1677 0
1678 0
1679 0
1680 0
1681 0
1682 0
1683 0
1684 0
1685 0
1686 0
1687 0
1688 0
1689 0
1690 0
1691 0
1692 0
1693 0
1694 0
1695 0
1696 0
1697 0
1698 0
1699 0
1700 0
1701 0
1702 0
1703 0
1704 0
1705 0
1706 0
1707 0
1708 0
1709 0
1710 0
1711 0
1712 0
1713 0
1714 0
1715 0
1716 0
1717 0
1718 0
1719 0
1720 0
1721 0
1722 0
1723 0
1724 0
1725 0
1726 0
1727 0
1728 0
1729 0
1730 0
1731 0
1732 0
1733 0
1734 0
1735 0
1736 0
1737 0
1738 0
1739 0
1740 0
1741 0
1742 0
1743 0
1744 0
1745 0
1746 0
1747 0
1748 0
1749 0
1750 0
1751 0
1752 0
1753 0
1754 0
1755 0
1756 0
1757 0
1758 0
1759 0
1760 0
1761 0
1762 0
1763 0
1764 0
1765 0
1766 0
1767 0
1768 0
1769 0
1770 0
1771 0
1772 0
1773 0
1774 0
1775 0
1776 0
1777 0
1778 0
1779 0
1780 0
1781 0
1782 0
1783 0
1784 0
1785 0
1786 0
1787 0
1788 0
1789 0
1790 0
1791 0
1792 0
1793 0
1794 0
1795 0
1796 0
1797 0
1798 0
1799 0
1800 0
1801 0
1802 0
1803 0
1804 0
1805 0
1806 0
1807 0
1808 0
1809 0
1810 0
1811 0
1812 0
1813 0
1814 0
1815 0
1816 0
1817 0
1818 0
1819 0
1820 0
1821 0
1822 0
1823 0
1824 0
1825 0
1826 0
1827 0
1828 0
1829 0
1830 0
1831 0
1832 0
1833 0
1834 0
1835 0
1836 0
1837 0
1838 0
1839 0
1840 0
1841 0
1842 0
1843 0
1844 0
1845 0
1846 0
1847 0
1848 0
1849 0
1850 0
1851 0
1852 0
1853 0
1854 0
1855 0
1856 0
1857 0
1858 0
1859 0
1860 0
1861 0
1862 0
1863 0
1864 0
1865 0
1866 0
1867 0
1868 0
1869 0
1870 0
1871 0
1872 0
1873 0
1874 0
1875 0
1876 0
1877 0
1878 0
1879 0
1880 0
1881 0
1882 0
1883 0
1884 0
1885 0
1886 0
1887 0
1888 0
1889 0
1890 0
1891 0
1892 0
1893 0
1894 0
1895 0
1896 0
1897 0
1898 0
1899 0
1900 0
1901 0
1902 0
1903 0
1904 0
1905 0
1906 0
1907 0
1908 0
1909 0
1910 0
1911 0
1912 0
1913 0
1914 0
1915 0
1916 0
1917 0
1918 0
1919 0
1920 0
1921 0
1922 0
1923 0
1924 0
1925 0
1926 0
1927 0
1928 0
1929 0
1930 0
1931 0
1932 0
1933 0
1934 0
1935 0
1936 0
1937 0
1938 0
1939 0
1940 0
1941 0
1942 0
1943 0
1944 0
1945 0
1946 0
1947 0
1948 0
1949 0
1950 0
1951 0
1952 0
1953 0
1954 0
1955 0
1956 0
1957 0
1958 0
1959 0
1960 0
1961 0
1962 0
1963 0
1964 0
1965 0
1966 0
1967 0
1968 0
1969 0
1970 0
1971 0
1972 0
1973 0
1974 0
1975 0
1976 0
1977 0
1978 0
1979 0
1980 0
1981 0
1982 0
1983 0
1984 0
1985 0
1986 0
1987 0
1988 0
1989 0
1990 0
1991 0
1992 0
1993 0
1994 0
1995 0
1996 0
1997 0
1998 0
1999 0
2000 0
