0 -6.89391e-09
1 -6.89391e-09
2 -6.89391e-09
3 -6.89391e-09
4 -6.89391e-09
5 -6.89391e-09
6 -6.89391e-09
7 -6.89391e-09
8 -6.89391e-09
9 -6.89391e-09
10 -6.89391e-09
11 -6.89391e-09
12 -6.89391e-09
13 -6.89391e-09
14 9.58566e-09
15 9.58566e-09
16 9.58566e-09
17 9.58566e-09
18 9.58566e-09
19 9.58566e-09
20 9.58566e-09
21 9.58566e-09
22 9.58566e-09
23 9.58566e-09
24 9.58566e-09
25 9.58566e-09
26 9.58566e-09
27 9.58566e-09
28 9.58566e-09
29 9.58566e-09
30 9.58566e-09
31 9.58566e-09
32 9.58566e-09
33 9.58566e-09
34 9.58566e-09
35 9.58566e-09
36 9.58566e-09
37 9.58566e-09
38 9.58566e-09
39 9.58566e-09
40 9.58566e-09
41 9.58566e-09
42 9.58566e-09
43 2.29812e-08
44 2.29812e-08
45 2.29812e-08
46 2.29812e-08
47 2.29812e-08
48 2.29812e-08
49 2.29812e-08
50 2.29812e-08
51 2.29812e-08
52 2.29812e-08
53 2.29812e-08
54 2.29812e-08
55 2.29812e-08
56 2.29812e-08
57 2.29812e-08
58 2.29812e-08
59 2.29812e-08
60 2.29812e-08
61 2.29812e-08
62 2.29812e-08
63 2.29812e-08
64 2.29812e-08
65 2.29812e-08
66 2.29812e-08
67 2.29812e-08
68 2.29812e-08
69 2.29812e-08
70 2.29812e-08
71 3.03668e-08
72 3.03668e-08
73 3.03668e-08
74 3.03668e-08
75 3.03668e-08
76 3.03668e-08
77 3.03668e-08
78 3.03668e-08
79 3.03668e-08
80 3.03668e-08
81 3.03668e-08
82 3.03668e-08
83 3.03668e-08
84 3.03668e-08
85 3.03668e-08
86 3.03668e-08
87 3.03668e-08
88 3.03668e-08
89 3.03668e-08
90 3.03668e-08
91 3.03668e-08
92 3.03668e-08
93 3.03668e-08
94 3.03668e-08
95 3.03668e-08
96 3.03668e-08
97 3.03668e-08
98 3.03668e-08
99 3.03668e-08
100 3.29182e-08
101 3.29182e-08
102 3.29182e-08
103 3.29182e-08
104 3.29182e-08
105 3.29182e-08
106 3.29182e-08
107 3.29182e-08
108 3.29182e-08
109 3.29182e-08
110 3.29182e-08
111 3.29182e-08
112 3.29182e-08
113 3.29182e-08
114 3.29182e-08
115 3.29182e-08
116 3.29182e-08
117 3.29182e-08
118 3.29182e-08
119 3.29182e-08
120 3.29182e-08
121 3.29182e-08
122 3.29182e-08
123 3.29182e-08
124 3.29182e-08
125 3.29182e-08
126 3.29182e-08
127 3.29182e-08
128 2.85917e-08
129 2.85917e-08
130 2.85917e-08
131 2.85917e-08
132 2.85917e-08
133 2.85917e-08
134 2.85917e-08
135 2.85917e-08
136 2.85917e-08
137 2.85917e-08
138 2.85917e-08
139 2.85917e-08
140 2.85917e-08
141 2.85917e-08
142 2.85917e-08
143 2.85917e-08
144 2.85917e-08
145 2.85917e-08
146 2.85917e-08
147 2.85917e-08
148 2.85917e-08
149 2.85917e-08
150 2.85917e-08
151 2.85917e-08
152 2.85917e-08
153 2.85917e-08
154 2.85917e-08
155 2.85917e-08
156 2.85917e-08
157 2.18306e-08
158 2.18306e-08
159 2.18306e-08
160 2.18306e-08
161 2.18306e-08
162 2.18306e-08
163 2.18306e-08
164 2.18306e-08
165 2.18306e-08
166 2.18306e-08
167 2.18306e-08
168 2.18306e-08
169 2.18306e-08
170 2.18306e-08
171 2.18306e-08
172 2.18306e-08
173 2.18306e-08
174 2.18306e-08
175 2.18306e-08
176 2.18306e-08
177 2.18306e-08
178 2.18306e-08
179 2.18306e-08
180 2.18306e-08
181 2.18306e-08
182 2.18306e-08
183 2.18306e-08
184 2.18306e-08
185 2.18306e-08
186 1.00575e-08
187 1.00575e-08
188 1.00575e-08
189 1.00575e-08
190 1.00575e-08
191 1.00575e-08
192 1.00575e-08
193 1.00575e-08
194 1.00575e-08
195 1.00575e-08
196 1.00575e-08
197 1.00575e-08
198 1.00575e-08
199 1.00575e-08
200 1.00575e-08
201 1.00575e-08
202 1.00575e-08
203 1.00575e-08
204 1.00575e-08
205 1.00575e-08
206 1.00575e-08
207 1.00575e-08
208 1.00575e-08
209 1.00575e-08
210 1.00575e-08
211 1.00575e-08
212 1.00575e-08
213 1.00575e-08
214 8.32748e-10
215 8.32748e-10
216 8.32748e-10
217 8.32748e-10
218 8.32748e-10
219 8.32748e-10
220 8.32748e-10
221 8.32748e-10
222 8.32748e-10
223 8.32748e-10
224 8.32748e-10
225 8.32748e-10
226 8.32748e-10
227 8.32748e-10
228 8.32748e-10
229 8.32748e-10
230 8.32748e-10
231 8.32748e-10
232 8.32748e-10
233 8.32748e-10
234 8.32748e-10
235 8.32748e-10
236 8.32748e-10
237 8.32748e-10
238 8.32748e-10
239 8.32748e-10
240 8.32748e-10
241 8.32748e-10
242 8.32748e-10
243 -1.13254e-08
244 -1.13254e-08
245 -1.13254e-08
246 -1.13254e-08
247 -1.13254e-08
248 -1.13254e-08
249 -1.13254e-08
250 -1.13254e-08
251 -1.13254e-08
252 -1.13254e-08
253 -1.13254e-08
254 -1.13254e-08
255 -1.13254e-08
256 -1.13254e-08
257 -1.13254e-08
258 -1.13254e-08
259 -1.13254e-08
260 -1.13254e-08
261 -1.13254e-08
262 -1.13254e-08
263 -1.13254e-08
264 -1.13254e-08
265 -1.13254e-08
266 -1.13254e-08
267 -1.13254e-08
268 -1.13254e-08
269 -1.13254e-08
270 -1.13254e-08
271 -1.57136e-08
272 -1.57136e-08
273 -1.57136e-08
274 -1.57136e-08
275 -1.57136e-08
276 -1.57136e-08
277 -1.57136e-08
278 -1.57136e-08
279 -1.57136e-08
280 -1.57136e-08
281 -1.57136e-08
282 -1.57136e-08
283 -1.57136e-08
284 -1.57136e-08
285 -1.57136e-08
286 -1.57136e-08
287 -1.57136e-08
288 -1.57136e-08
289 -1.57136e-08
290 -1.57136e-08
291 -1.57136e-08
292 -1.57136e-08
293 -1.57136e-08
294 -1.57136e-08
295 -1.57136e-08
296 -1.57136e-08
297 -1.57136e-08
298 -1.57136e-08
299 -1.57136e-08
300 -2.32004e-08
301 -2.32004e-08
302 -2.32004e-08
303 -2.32004e-08
304 -2.32004e-08
305 -2.32004e-08
306 -2.32004e-08
307 -2.32004e-08
308 -2.32004e-08
309 -2.32004e-08
310 -2.32004e-08
311 -2.32004e-08
312 -2.32004e-08
313 -2.32004e-08
314 -2.32004e-08
315 -2.32004e-08
316 -2.32004e-08
317 -2.32004e-08
318 -2.32004e-08
319 -2.32004e-08
320 -2.32004e-08
321 -2.32004e-08
322 -2.32004e-08
323 -2.32004e-08
324 -2.32004e-08
325 -2.32004e-08
326 -2.32004e-08
327 -2.32004e-08
328 -2.32004e-08
329 -1.90241e-08
330 -1.90241e-08
331 -1.90241e-08
332 -1.90241e-08
333 -1.90241e-08
334 -1.90241e-08
335 -1.90241e-08
336 -1.90241e-08
337 -1.90241e-08
338 -1.90241e-08
339 -1.90241e-08
340 -1.90241e-08
341 -1.90241e-08
342 -1.90241e-08
343 -1.90241e-08
344 -1.90241e-08
345 -1.90241e-08
346 -1.90241e-08
347 -1.90241e-08
348 -1.90241e-08
349 -1.90241e-08
350 -1.90241e-08
351 -1.90241e-08
352 -1.90241e-08
353 -1.90241e-08
354 -1.90241e-08
355 -1.90241e-08
356 -1.90241e-08
357 -2.14082e-08
358 -2.14082e-08
359 -2.14082e-08
360 -2.14082e-08
361 -2.14082e-08
362 -2.14082e-08
363 -2.14082e-08
364 -2.14082e-08
365 -2.14082e-08
366 -2.14082e-08
367 -2.14082e-08
368 -2.14082e-08
369 -2.14082e-08
370 -2.14082e-08
371 -2.14082e-08
372 -2.14082e-08
373 -2.14082e-08
374 -2.14082e-08
375 -2.14082e-08
376 -2.14082e-08
377 -2.14082e-08
378 -2.14082e-08
379 -2.14082e-08
380 -2.14082e-08
381 -2.14082e-08
382 -2.14082e-08
383 -2.14082e-08
384 -2.14082e-08
385 -2.14082e-08
386 -9.6388e-09
387 -9.6388e-09
388 -9.6388e-09
389 -9.6388e-09
390 -9.6388e-09
391 -9.6388e-09
392 -9.6388e-09
393 -9.6388e-09
394 -9.6388e-09
395 -9.6388e-09
396 -9.6388e-09
397 -9.6388e-09
398 -9.6388e-09
399 -9.6388e-09
400 -9.6388e-09
401 -9.6388e-09
402 -9.6388e-09
403 -9.6388e-09
404 -9.6388e-09
405 -9.6388e-09
406 -9.6388e-09
407 -9.6388e-09
408 -9.6388e-09
409 -9.6388e-09
410 -9.6388e-09
411 -9.6388e-09
412 -9.6388e-09
413 -9.6388e-09
414 -1.05087e-08
415 -1.05087e-08
416 -1.05087e-08
417 -1.05087e-08
418 -1.05087e-08
419 -1.05087e-08
420 -1.05087e-08
421 -1.05087e-08
422 -1.05087e-08
423 -1.05087e-08
424 -1.05087e-08
425 -1.05087e-08
426 -1.05087e-08
427 -1.05087e-08
428 -1.05087e-08
429 -1.05087e-08
430 -1.05087e-08
431 -1.05087e-08
432 -1.05087e-08
433 -1.05087e-08
434 -1.05087e-08
435 -1.05087e-08
436 -1.05087e-08
437 -1.05087e-08
438 -1.05087e-08
439 -1.05087e-08
440 -1.05087e-08
441 -1.05087e-08
442 -1.05087e-08
443 4.89926e-09
444 4.89926e-09
445 4.89926e-09
446 4.89926e-09
447 4.89926e-09
448 4.89926e-09
449 4.89926e-09
450 4.89926e-09
451 4.89926e-09
452 4.89926e-09
453 4.89926e-09
454 4.89926e-09
455 4.89926e-09
456 4.89926e-09
457 4.89926e-09
458 4.89926e-09
459 4.89926e-09
460 4.89926e-09
461 4.89926e-09
462 4.89926e-09
463 4.89926e-09
464 4.89926e-09
465 4.89926e-09
466 4.89926e-09
467 4.89926e-09
468 4.89926e-09
469 4.89926e-09
470 4.89926e-09
471 4.89926e-09
472 7.73079e-10
473 7.73079e-10
474 7.73079e-10
475 7.73079e-10
476 7.73079e-10
477 7.73079e-10
478 7.73079e-10
479 7.73079e-10
480 7.73079e-10
481 7.73079e-10
482 7.73079e-10
483 7.73079e-10
484 7.73079e-10
485 7.73079e-10
486 7.73079e-10
487 7.73079e-10
488 7.73079e-10
489 7.73079e-10
490 7.73079e-10
491 7.73079e-10
492 7.73079e-10
493 7.73079e-10
494 7.73079e-10
495 7.73079e-10
496 7.73079e-10
497 7.73079e-10
498 7.73079e-10
499 7.73079e-10
500 1.57829e-08
501 1.57829e-08
502 1.57829e-08
503 1.57829e-08
504 1.57829e-08
505 1.57829e-08
506 1.57829e-08
507 1.57829e-08
508 1.57829e-08
509 1.57829e-08
510 1.57829e-08
511 1.57829e-08
512 1.57829e-08
513 1.57829e-08
514 1.57829e-08
515 1.57829e-08
516 1.57829e-08
517 1.57829e-08
518 1.57829e-08
519 1.57829e-08
520 1.57829e-08
521 1.57829e-08
522 1.57829e-08
523 1.57829e-08
524 1.57829e-08
525 1.57829e-08
526 1.57829e-08
527 1.57829e-08
528 1.57829e-08
529 5.47586e-09
530 5.47586e-09
531 5.47586e-09
532 5.47586e-09
533 5.47586e-09
534 5.47586e-09
535 5.47586e-09
536 5.47586e-09
537 5.47586e-09
538 5.47586e-09
539 5.47586e-09
540 5.47586e-09
541 5.47586e-09
542 5.47586e-09
543 5.47586e-09
544 5.47586e-09
545 5.47586e-09
546 5.47586e-09
547 5.47586e-09
548 5.47586e-09
549 5.47586e-09
550 5.47586e-09
551 5.47586e-09
552 5.47586e-09
553 5.47586e-09
554 5.47586e-09
555 5.47586e-09
556 5.47586e-09
557 1.81081e-08
558 1.81081e-08
559 1.81081e-08
560 1.81081e-08
561 1.81081e-08
562 1.81081e-08
563 1.81081e-08
564 1.81081e-08
565 1.81081e-08
566 1.81081e-08
567 1.81081e-08
568 1.81081e-08
569 1.81081e-08
570 1.81081e-08
571 1.81081e-08
572 1.81081e-08
573 1.81081e-08
574 1.81081e-08
575 1.81081e-08
576 1.81081e-08
577 1.81081e-08
578 1.81081e-08
579 1.81081e-08
580 1.81081e-08
581 1.81081e-08
582 1.81081e-08
583 1.81081e-08
584 1.81081e-08
585 1.81081e-08
586 1.96821e-09
587 1.96821e-09
588 1.96821e-09
589 1.96821e-09
590 1.96821e-09
591 1.96821e-09
592 1.96821e-09
593 1.96821e-09
594 1.96821e-09
595 1.96821e-09
596 1.96821e-09
597 1.96821e-09
598 1.96821e-09
599 1.96821e-09
600 1.96821e-09
601 1.96821e-09
602 1.96821e-09
603 1.96821e-09
604 1.96821e-09
605 1.96821e-09
606 1.96821e-09
607 1.96821e-09
608 1.96821e-09
609 1.96821e-09
610 1.96821e-09
611 1.96821e-09
612 1.96821e-09
613 1.96821e-09
614 1.96821e-09
615 1.26988e-08
616 1.26988e-08
617 1.26988e-08
618 1.26988e-08
619 1.26988e-08
620 1.26988e-08
621 1.26988e-08
622 1.26988e-08
623 1.26988e-08
624 1.26988e-08
625 1.26988e-08
626 1.26988e-08
627 1.26988e-08
628 1.26988e-08
629 1.26988e-08
630 1.26988e-08
631 1.26988e-08
632 1.26988e-08
633 1.26988e-08
634 1.26988e-08
635 1.26988e-08
636 1.26988e-08
637 1.26988e-08
638 1.26988e-08
639 1.26988e-08
640 1.26988e-08
641 1.26988e-08
642 1.26988e-08
643 -6.71305e-09
644 -6.71305e-09
645 -6.71305e-09
646 -6.71305e-09
647 -6.71305e-09
648 -6.71305e-09
649 -6.71305e-09
650 -6.71305e-09
651 -6.71305e-09
652 -6.71305e-09
653 -6.71305e-09
654 -6.71305e-09
655 -6.71305e-09
656 -6.71305e-09
657 -6.71305e-09
658 -6.71305e-09
659 -6.71305e-09
660 -6.71305e-09
661 -6.71305e-09
662 -6.71305e-09
663 -6.71305e-09
664 -6.71305e-09
665 -6.71305e-09
666 -6.71305e-09
667 -6.71305e-09
668 -6.71305e-09
669 -6.71305e-09
670 -6.71305e-09
671 -6.71305e-09
672 4.58522e-09
673 4.58522e-09
674 4.58522e-09
675 4.58522e-09
676 4.58522e-09
677 4.58522e-09
678 4.58522e-09
679 4.58522e-09
680 4.58521e-09
681 4.58521e-09
682 4.58519e-09
683 4.58519e-09
684 4.58514e-09
685 4.58514e-09
686 4.58503e-09
687 4.58503e-09
688 4.58474e-09
689 4.58474e-09
690 4.58407e-09
691 4.58407e-09
692 4.58254e-09
693 4.58254e-09
694 4.57914e-09
695 4.57914e-09
696 4.57182e-09
697 4.57182e-09
698 4.5565e-09
699 4.5565e-09
700 -1.74231e-08
701 -1.74231e-08
702 -1.74726e-08
703 -1.74726e-08
704 -1.75657e-08
705 -1.75657e-08
706 -1.77349e-08
707 -1.77349e-08
708 -1.80327e-08
709 -1.80327e-08
710 -1.85397e-08
711 -1.85397e-08
712 -1.93737e-08
713 -1.93737e-08
714 -2.06977e-08
715 -2.06977e-08
716 -2.2723e-08
717 -2.2723e-08
718 -2.57015e-08
719 -2.57015e-08
720 -2.9899e-08
721 -2.9899e-08
722 -3.55411e-08
723 -3.55411e-08
724 -4.27228e-08
725 -4.27228e-08
726 -5.12754e-08
727 -5.12754e-08
728 -6.05944e-08
729 2.23884e-08
730 4.48272e-08
731 4.48272e-08
732 8.23579e-08
733 8.23579e-08
734 1.41519e-07
735 1.41519e-07
736 2.30213e-07
737 2.30213e-07
738 3.5736e-07
739 3.5736e-07
740 5.32237e-07
741 5.32237e-07
742 7.63458e-07
743 7.63458e-07
744 1.05766e-06
745 1.05766e-06
746 1.41799e-06
747 1.41799e-06
748 1.84269e-06
749 1.84269e-06
750 2.32402e-06
751 2.32402e-06
752 2.84799e-06
753 2.84799e-06
754 3.39513e-06
755 3.39513e-06
756 3.94263e-06
757 3.94263e-06
758 9.52726e-06
759 9.52726e-06
760 1.06923e-05
761 1.06923e-05
762 1.18264e-05
763 1.18264e-05
764 1.29255e-05
765 1.29255e-05
766 1.39989e-05
767 1.39989e-05
768 1.50676e-05
769 1.50676e-05
770 1.61596e-05
771 1.61596e-05
772 1.73026e-05
773 1.73026e-05
774 1.8516e-05
775 1.8516e-05
776 1.98034e-05
777 1.98034e-05
778 2.11478e-05
779 2.11478e-05
780 2.25113e-05
781 2.25113e-05
782 2.38385e-05
783 2.38385e-05
784 2.50658e-05
785 2.50658e-05
786 5.00828e-05
787 5.00828e-05
788 5.14216e-05
789 5.14216e-05
790 5.25273e-05
791 5.25273e-05
792 5.34524e-05
793 5.34524e-05
794 5.42801e-05
795 5.42801e-05
796 5.51127e-05
797 5.51127e-05
798 5.60541e-05
799 5.60541e-05
800 5.71907e-05
801 5.71907e-05
802 5.85752e-05
803 5.85752e-05
804 6.02174e-05
805 6.02174e-05
806 6.20863e-05
807 6.20863e-05
808 6.41233e-05
809 6.41233e-05
810 6.62615e-05
811 6.62615e-05
812 6.84473e-05
813 6.84473e-05
814 7.06563e-05
815 0.000141118
816 0.000145889
817 0.000145889
818 0.000150969
819 0.000150969
820 0.000156399
821 0.000156399
822 0.000162186
823 0.000162186
824 0.000168295
825 0.000168295
826 0.000174659
827 0.000174659
828 0.000181212
829 0.000181212
830 0.000187917
831 0.000187917
832 0.000194795
833 0.000194795
834 0.000201942
835 0.000201942
836 0.000209519
837 0.000209519
838 0.000217726
839 0.000217726
840 0.000226762
841 0.000226762
842 0.000236788
843 0.000487777
844 0.000510695
845 0.000510695
846 0.000535522
847 0.000535522
848 0.000562073
849 0.000562073
850 0.000590099
851 0.000590099
852 0.000619351
853 0.000619351
854 0.000649655
855 0.000649655
856 0.000680972
857 0.000680972
858 0.000713434
859 0.000713434
860 0.000747356
861 0.000747356
862 0.000783212
863 0.000783212
864 0.000821597
865 0.000821597
866 0.000863157
867 0.000863157
868 0.000908519
869 0.000908519
870 0.00095822
871 0.00095822
872 0.00198858
873 0.00198858
874 0.00210399
875 0.00210399
876 0.00222858
877 0.00222858
878 0.00236282
879 0.00236282
880 0.0025077
881 0.0025077
882 0.00266511
883 0.00266511
884 0.00283808
885 0.00283808
886 0.00303074
887 0.00303074
888 0.00324805
889 0.00324805
890 0.00349539
891 0.00349539
892 0.00377834
893 0.00377834
894 0.00410302
895 0.00410302
896 0.00447711
897 0.00447711
898 0.00491142
899 0.00491142
900 0.00542147
901 0.00947179
902 0.0105298
903 0.0105298
904 0.0118057
905 0.0118057
906 0.0133603
907 0.0133603
908 0.0152704
909 0.0152704
910 0.0176335
911 0.0176335
912 0.0205762
913 0.0205762
914 0.0242739
915 0.0242739
916 0.0289686
917 0.0289686
918 0.034927
919 0.034927
920 0.0423257
921 0.0423257
922 0.0511605
923 0.0511605
924 0.0612338
925 0.0612338
926 0.0721868
927 0.0721868
928 0.0835413
929 0.195001
930 0.229912
931 0.229912
932 0.264339
933 0.264339
934 0.296633
935 0.296633
936 0.325309
937 0.325309
938 0.34928
939 0.34928
940 0.368037
941 0.368037
942 0.381604
943 0.381604
944 0.39014
945 0.39014
946 0.39404
947 0.39404
948 0.394207
949 0.394207
950 0.391604
951 0.391604
952 0.386581
953 0.386581
954 0.379016
955 0.379016
956 0.368735
957 0.368735
958 0.37733
959 0.37733
960 0.371781
961 0.371781
962 0.365183
963 0.365183
964 0.357354
965 0.357354
966 0.347279
967 0.347279
968 0.334894
969 0.334894
970 0.32435
971 0.32435
972 0.305581
973 0.305581
974 0.304633
975 0.304633
976 0.308847
977 0.308847
978 0.309435
979 0.309435
980 0.299192
981 0.299192
982 0.289049
983 0.289049
984 0.279807
985 0.279807
986 0.300692
987 0.300692
988 0.301477
989 0.301477
990 0.304142
991 0.304142
992 0.306505
993 0.306505
994 0.308043
995 0.308043
996 0.309136
997 0.309136
998 0.309688
999 0.309688
1000 0.30961
1001 0
1002 0
1003 0
1004 0
1005 0
1006 0
1007 0
1008 0
1009 0
1010 0
1011 0
1012 0
1013 0
1014 0
1015 0
1016 0
1017 0
1018 0
1019 0
1020 0
1021 0
1022 0
1023 0
1024 0
1025 0
1026 0
1027 0
1028 0
1029 0
1030 0
1031 0
1032 0
1033 0
1034 0
1035 0
1036 0
1037 0
1038 0
1039 0
1040 0
1041 0
1042 0
1043 0
1044 0
1045 0
1046 0
1047 0
1048 0
1049 0
1050 0
1051 0
1052 0
1053 0
1054 0
1055 0
1056 0
1057 0
1058 0
1059 0
1060 0
1061 0
1062 0
1063 0
1064 0
1065 0
1066 0
1067 0
1068 0
1069 0
1070 0
1071 0
1072 0
1073 0
1074 0
1075 0
1076 0
1077 0
1078 0
1079 0
1080 0
1081 0
1082 0
1083 0
1084 0
1085 0
1086 0
1087 0
1088 0
1089 0
1090 0
1091 0
1092 0
1093 0
1094 0
1095 0
1096 0
1097 0
1098 0
1099 0
1100 0
1101 0
1102 0
1103 0
1104 0
1105 0
1106 0
1107 0
1108 0
1109 0
1110 0
1111 0
1112 0
1113 0
1114 0
1115 0
1116 0
1117 0
1118 0
1119 0
1120 0
1121 0
1122 0
1123 0
1124 0
1125 0
1126 0
1127 0
1128 0
1129 0
1130 0
1131 0
1132 0
1133 0
1134 0
1135 0
1136 0
1137 0
1138 0
1139 0
1140 0
1141 0
1142 0
1143 0
1144 0
1145 0
1146 0
1147 0
1148 0
1149 0
1150 0
1151 0
1152 0
1153 0
1154 0
1155 0
1156 0
1157 0
1158 0
1159 0
1160 0
1161 0
1162 0
1163 0
1164 0
1165 0
1166 0
1167 0
1168 0
1169 0
1170 0
1171 0
1172 0
1173 0
1174 0
1175 0
1176 0
1177 0
1178 0
1179 0
1180 0
1181 0
1182 0
1183 0
1184 0
1185 0
1186 0
1187 0
1188 0
1189 0
1190 0
1191 0
1192 0
1193 0
1194 0
1195 0
1196 0
1197 0
1198 0
1199 0
1200 0
1201 0
1202 0
1203 0
1204 0
1205 0
1206 0
1207 0
1208 0
1209 0
1210 0
1211 0
1212 0
1213 0
1214 0
1215 0
1216 0
1217 0
1218 0
1219 0
1220 0
1221 0
1222 0
1223 0
1224 0
1225 0
1226 0
1227 0
1228 0
1229 0
1230 0
1231 0
1232 0
1233 0
1234 0
1235 0
1236 0
1237 0
1238 0
1239 0
1240 0
1241 0
1242 0
1243 0
1244 0
1245 0
1246 0
1247 0
1248 0
1249 0
1250 0
1251 0
1252 0
1253 0
1254 0
1255 0
1256 0
1257 0
1258 0
1259 0
1260 0
1261 0
1262 0
1263 0
1264 0
1265 0
1266 0
1267 0
1268 0
1269 0
1270 0
1271 0
1272 0
1273 0
1274 0
1275 0
1276 0
1277 0
1278 0
1279 0
1280 0
1281 0
1282 0
1283 0
1284 0
1285 0
1286 0
1287 0
1288 0
1289 0
1290 0
1291 0
1292 0
1293 0
1294 0
1295 0
1296 0
1297 0
1298 0
1299 0
1300 0
1301 0
1302 0
1303 0
1304 0
1305 0
1306 0
1307 0
1308 0
1309 0
1310 0
1311 0
1312 0
1313 0
1314 0
1315 0
1316 0
1317 0
1318 0
1319 0
1320 0
1321 0
1322 0
1323 0
1324 0
1325 0
1326 0
1327 0
1328 0
1329 0
1330 0
1331 0
1332 0
1333 0
1334 0
1335 0
1336 0
1337 0
1338 0
1339 0
1340 0
1341 0
1342 0
1343 0
1344 0
1345 0
1346 0
1347 0
1348 0
1349 0
1350 0
1351 0
1352 0
1353 0
1354 0
1355 0
1356 0
1357 0
1358 0
1359 0
1360 0
1361 0
1362 0
1363 0
1364 0
1365 0
1366 0
1367 0
1368 0
1369 0
1370 0
1371 0
1372 0
1373 0
1374 0
1375 0
1376 0
1377 0
1378 0
1379 0
1380 0
1381 0
1382 0
1383 0
1384 0
1385 0
1386 0
1387 0
1388 0
1389 0
1390 0
1391 0
1392 0
1393 0
1394 0
1395 0
1396 0
1397 0
1398 0
1399 0
1400 0
1401 0
1402 0
1403 0
1404 0
1405 0
1406 0
1407 0
1408 0
1409 0
1410 0
1411 0
1412 0
1413 0
1414 0
1415 0
1416 0
1417 0
1418 0
1419 0
1420 0
1421 0
1422 0
1423 0
1424 0
1425 0
1426 0
1427 0
1428 0
1429 0
1430 0
1431 0
1432 0
1433 0
1434 0
1435 0
1436 0
1437 0
1438 0
1439 0
1440 0
1441 0
1442 0
1443 0
1444 0
1445 0
1446 0
1447 0
1448 0
1449 0
1450 0
1451 0
1452 0
1453 0
1454 0
1455 0
1456 0
1457 0
1458 0
1459 0
1460 0
1461 0
1462 0
1463 0
1464 0
1465 0
1466 0
1467 0
1468 0
1469 0
1470 0
1471 0
1472 0
1473 0
1474 0
1475 0
1476 0
1477 0
1478 0
1479 0
1480 0
1481 0
1482 0
1483 0
1484 0
1485 0
1486 0
1487 0
1488 0
1489 0
1490 0
1491 0
1492 0
1493 0
1494 0
1495 0
1496 0
1497 0
1498 0
1499 0
1500 0
1501 0
1502 0
1503 0
1504 0
1505 0
1506 0
1507 0
1508 0
1509 0
1510 0
1511 0
1512 0
1513 0
1514 0
1515 0
1516 0
1517 0
1518 0
1519 0
1520 0
1521 0
1522 0
1523 0
1524 0
1525 0
1526 0
1527 0
1528 0
1529 0
1530 0
1531 0
1532 0
1533 0
1534 0
1535 0
1536 0
1537 0
1538 0
1539 0
1540 0
1541 0
1542 0
1543 0
1544 0
1545 0
1546 0
1547 0
1548 0
1549 0
1550 0
1551 0
1552 0
1553 0
1554 0
1555 0
1556 0
1557 0
1558 0
1559 0
1560 0
1561 0
1562 0
1563 0
1564 0
1565 0
1566 0
1567 0
1568 0
1569 0
1570 0
1571 0
1572 0
1573 0
1574 0
1575 0
1576 0
1577 0
1578 0
1579 0
1580 0
1581 0
1582 0
1583 0
1584 0
1585 0
1586 0
1587 0
1588 0
1589 0
1590 0
1591 0
1592 0
1593 0
1594 0
1595 0
1596 0
1597 0
1598 0
1599 0
1600 0
1601 0
1602 0
1603 0
1604 0
1605 0
1606 0
1607 0
1608 0
1609 0
1610 0
1611 0
1612 0
1613 0
1614 0
1615 0
1616 0
1617 0
1618 0
1619 0
1620 0
1621 0
1622 0
1623 0
1624 0
1625 0
1626 0
1627 0
1628 0
1629 0
1630 0
1631 0
1632 0
1633 0
1634 0
1635 0
1636 0
1637 0
1638 0
1639 0
1640 0
1641 0
1642 0
1643 0
1644 0
1645 0
1646 0
1647 0
1648 0
1649 0
1650 0
1651 0
1652 0
1653 0
1654 0
1655 0
1656 0
1657 0
1658 0
1659 0
1660 0
1661 0
1662 0
1663 0
1664 0
1665 0
1666 0
1667 0
1668 0
1669 0
1670 0
1671 0
1672 0
1673 0
1674 0
1675 0
1676 0
1677 0
1678 0
1679 0
1680 0
1681 0
1682 0
1683 0
1684 0
1685 0
1686 0
1687 0
1688 0
1689 0
1690 0
1691 0
1692 0
1693 0
1694 0
1695 0
1696 0
1697 0
1698 0
1699 0
1700 0
1701 0
1702 0
1703 0
1704 0
1705 0
1706 0
1707 0
1708 0
1709 0
1710 0
1711 0
1712 0
1713 0
1714 0
1715 0
1716 0
1717 0
1718 0
1719 0
1720 0
1721 0
1722 0
1723 0
1724 0
1725 0
1726 0
1727 0
1728 0
1729 0
1730 0
1731 0
1732 0
1733 0
1734 0
1735 0
1736 0
1737 0
1738 0
1739 0
1740 0
1741 0
1742 0
1743 0
1744 0
1745 0
1746 0
1747 0
1748 0
1749 0
1750 0
1751 0
1752 0
1753 0
1754 0
1755 0
1756 0
1757 0
1758 0
1759 0
1760 0
1761 0
1762 0
1763 0
1764 0
1765 0
1766 0
1767 0
1768 0
1769 0
1770 0
1771 0
1772 0
1773 0
1774 0
1775 0
1776 0
1777 0
1778 0
1779 0
1780 0
1781 0
1782 0
1783 0
1784 0
1785 0
1786 0
1787 0
1788 0
1789 0
1790 0
1791 0
1792 0
1793 0
1794 0
1795 0
1796 0
1797 0
1798 0
1799 0
1800 0
1801 0
1802 0
1803 0
1804 0
1805 0
1806 0
1807 0
1808 0
1809 0
1810 0
1811 0
1812 0
1813 0
1814 0
1815 0
1816 0
1817 0
1818 0
1819 0
1820 0
1821 0
1822 0
1823 0
1824 0
1825 0
1826 0
1827 0
1828 0
1829 0
1830 0
1831 0
1832 0
1833 0
1834 0
1835 0
1836 0
1837 0
1838 0
1839 0
1840 0
1841 0
1842 0
1843 0
1844 0
1845 0
1846 0
1847 0
1848 0
1849 0
1850 0
1851 0
1852 0
1853 0
1854 0
1855 0
1856 0
1857 0
1858 0
1859 0
1860 0
1861 0
1862 0
1863 0
1864 0
1865 0
1866 0
1867 0
1868 0
1869 0
1870 0
1871 0
1872 0
1873 0
1874 0
1875 0
1876 0
1877 0
1878 0
1879 0
1880 0
1881 0
1882 0
1883 0
1884 0
1885 0
1886 0
1887 0
1888 0
1889 0
1890 0
1891 0
1892 0
1893 0
1894 0
1895 0
1896 0
1897 0
1898 0
1899 0
1900 0
1901 0
1902 0
1903 0
1904 0
1905 0
1906 0
1907 0
1908 0
1909 0
1910 0
1911 0
1912 0
1913 0
1914 0
1915 0
1916 0
1917 0
1918 0
1919 0
1920 0
1921 0
1922 0
1923 0
1924 0
1925 0
1926 0
1927 0
1928 0
1929 0
1930 0
1931 0
1932 0
1933 0
1934 0
1935 0
1936 0
1937 0
1938 0
1939 0
1940 0
1941 0
1942 0
1943 0
1944 0
1945 0
1946 0
1947 0
1948 0
1949 0
1950 0
1951 0
1952 0
1953 0
1954 0
1955 0
1956 0
1957 0
1958 0
1959 0
1960 0
1961 0
1962 0
1963 0
1964 0
1965 0
1966 0
1967 0
1968 0
1969 0
1970 0
1971 0
1972 0
1973 0
1974 0
1975 0
1976 0
1977 0
1978 0
1979 0
1980 0
1981 0
1982 0
1983 0
1984 0
1985 0
1986 0
1987 0
1988 0
1989 0
1990 0
1991 0
1992 0
1993 0
1994 0
1995 0
1996 0
1997 0
1998 0
1999 0
2000 0
