0 4.42433e-06
1 4.42433e-06
2 4.42433e-06
3 4.42433e-06
4 4.42433e-06
5 4.42433e-06
6 4.42433e-06
7 4.42433e-06
8 4.42433e-06
9 4.42433e-06
10 4.42433e-06
11 4.42433e-06
12 4.42433e-06
13 4.42433e-06
14 4.42433e-06
15 4.42433e-06
16 4.42433e-06
17 4.42433e-06
18 4.42433e-06
19 4.42433e-06
20 4.42433e-06
21 4.42433e-06
22 4.42433e-06
23 4.42433e-06
24 4.42433e-06
25 4.42433e-06
26 4.42433e-06
27 4.42433e-06
28 6.98758e-06
29 6.98758e-06
30 6.98758e-06
31 6.98758e-06
32 6.98758e-06
33 6.98758e-06
34 6.98758e-06
35 6.98758e-06
36 6.98758e-06
37 6.98758e-06
38 6.98758e-06
39 6.98758e-06
40 6.98758e-06
41 6.98758e-06
42 6.98758e-06
43 6.98758e-06
44 6.98758e-06
45 6.98758e-06
46 6.98758e-06
47 6.98758e-06
48 6.98758e-06
49 6.98758e-06
50 6.98758e-06
51 6.98758e-06
52 6.98758e-06
53 6.98758e-06
54 6.98758e-06
55 6.98758e-06
56 6.98758e-06
57 9.51645e-06
58 9.51645e-06
59 9.51645e-06
60 9.51645e-06
61 9.51645e-06
62 9.51645e-06
63 9.51645e-06
64 9.51645e-06
65 9.51645e-06
66 9.51645e-06
67 9.51645e-06
68 9.51645e-06
69 9.51645e-06
70 9.51645e-06
71 9.51645e-06
72 9.51645e-06
73 9.51645e-06
74 9.51645e-06
75 9.51645e-06
76 9.51645e-06
77 9.51645e-06
78 9.51645e-06
79 9.51645e-06
80 9.51645e-06
81 9.51645e-06
82 9.51645e-06
83 9.51645e-06
84 9.51645e-06
85 9.51645e-06
86 1.08247e-05
87 1.08247e-05
88 1.08247e-05
89 1.08247e-05
90 1.08247e-05
91 1.08247e-05
92 1.08247e-05
93 1.08247e-05
94 1.08247e-05
95 1.08247e-05
96 1.08247e-05
97 1.08247e-05
98 1.08247e-05
99 1.08247e-05
100 1.08247e-05
101 1.08247e-05
102 1.08247e-05
103 1.08247e-05
104 1.08247e-05
105 1.08247e-05
106 1.08247e-05
107 1.08247e-05
108 1.08247e-05
109 1.08247e-05
110 1.08247e-05
111 1.08247e-05
112 1.08247e-05
113 1.08247e-05
114 9.48925e-06
115 9.48925e-06
116 9.48925e-06
117 9.48925e-06
118 9.48925e-06
119 9.48925e-06
120 9.48925e-06
121 9.48925e-06
122 9.48925e-06
123 9.48925e-06
124 9.48925e-06
125 9.48925e-06
126 9.48925e-06
127 9.48925e-06
128 9.48925e-06
129 9.48925e-06
130 9.48925e-06
131 9.48925e-06
132 9.48925e-06
133 9.48925e-06
134 9.48925e-06
135 9.48925e-06
136 9.48925e-06
137 9.48925e-06
138 9.48925e-06
139 9.48925e-06
140 9.48925e-06
141 9.48925e-06
142 9.48925e-06
143 4.58279e-06
144 4.58279e-06
145 4.58279e-06
146 4.58279e-06
147 4.58279e-06
148 4.58279e-06
149 4.58279e-06
150 4.58279e-06
151 4.58279e-06
152 4.58279e-06
153 4.58279e-06
154 4.58279e-06
155 4.58279e-06
156 4.58279e-06
157 4.58279e-06
158 4.58279e-06
159 4.58279e-06
160 4.58279e-06
161 4.58279e-06
162 4.58279e-06
163 4.58279e-06
164 4.58279e-06
165 4.58279e-06
166 4.58279e-06
167 4.58279e-06
168 4.58279e-06
169 4.58279e-06
170 4.58279e-06
171 -3.50297e-06
172 -3.50297e-06
173 -3.50297e-06
174 -3.50297e-06
175 -3.50297e-06
176 -3.50297e-06
177 -3.50297e-06
178 -3.50297e-06
179 -3.50297e-06
180 -3.50297e-06
181 -3.50297e-06
182 -3.50297e-06
183 -3.50297e-06
184 -3.50297e-06
185 -3.50297e-06
186 -3.50297e-06
187 -3.50297e-06
188 -3.50297e-06
189 -3.50297e-06
190 -3.50297e-06
191 -3.50297e-06
192 -3.50297e-06
193 -3.50297e-06
194 -3.50297e-06
195 -3.50297e-06
196 -3.50297e-06
197 -3.50297e-06
198 -3.50297e-06
199 -3.50297e-06
200 -1.27115e-05
201 -1.27115e-05
202 -1.27115e-05
203 -1.27115e-05
204 -1.27115e-05
205 -1.27115e-05
206 -1.27115e-05
207 -1.27115e-05
208 -1.27115e-05
209 -1.27115e-05
210 -1.27115e-05
211 -1.27115e-05
212 -1.27115e-05
213 -1.27115e-05
214 -1.27115e-05
215 -1.27115e-05
216 -1.27115e-05
217 -1.27115e-05
218 -1.27115e-05
219 -1.27115e-05
220 -1.27115e-05
221 -1.27115e-05
222 -1.27115e-05
223 -1.27115e-05
224 -1.27115e-05
225 -1.27115e-05
226 -1.27115e-05
227 -1.27115e-05
228 -1.27115e-05
229 -1.98712e-05
230 -1.98712e-05
231 -1.98712e-05
232 -1.98712e-05
233 -1.98712e-05
234 -1.98712e-05
235 -1.98712e-05
236 -1.98712e-05
237 -1.98712e-05
238 -1.98712e-05
239 -1.98712e-05
240 -1.98712e-05
241 -1.98712e-05
242 -1.98712e-05
243 -1.98712e-05
244 -1.98712e-05
245 -1.98712e-05
246 -1.98712e-05
247 -1.98712e-05
248 -1.98712e-05
249 -1.98712e-05
250 -1.98712e-05
251 -1.98712e-05
252 -1.98712e-05
253 -1.98712e-05
254 -1.98712e-05
255 -1.98712e-05
256 -1.98712e-05
257 -2.20118e-05
258 -2.20118e-05
259 -2.20118e-05
260 -2.20118e-05
261 -2.20118e-05
262 -2.20118e-05
263 -2.20118e-05
264 -2.20118e-05
265 -2.20118e-05
266 -2.20118e-05
267 -2.20118e-05
268 -2.20118e-05
269 -2.20118e-05
270 -2.20118e-05
271 -2.20118e-05
272 -2.20118e-05
273 -2.20118e-05
274 -2.20118e-05
275 -2.20118e-05
276 -2.20118e-05
277 -2.20118e-05
278 -2.20118e-05
279 -2.20118e-05
280 -2.20118e-05
281 -2.20118e-05
282 -2.20118e-05
283 -2.20118e-05
284 -2.20118e-05
285 -2.20118e-05
286 -1.77627e-05
287 -1.77627e-05
288 -1.77627e-05
289 -1.77627e-05
290 -1.77627e-05
291 -1.77627e-05
292 -1.77627e-05
293 -1.77627e-05
294 -1.77627e-05
295 -1.77627e-05
296 -1.77627e-05
297 -1.77627e-05
298 -1.77627e-05
299 -1.77627e-05
300 -1.77627e-05
301 -1.77627e-05
302 -1.77627e-05
303 -1.77627e-05
304 -1.77627e-05
305 -1.77627e-05
306 -1.77627e-05
307 -1.77627e-05
308 -1.77627e-05
309 -1.77627e-05
310 -1.77627e-05
311 -1.77627e-05
312 -1.77627e-05
313 -1.77627e-05
314 -8.04806e-06
315 -8.04806e-06
316 -8.04806e-06
317 -8.04806e-06
318 -8.04806e-06
319 -8.04806e-06
320 -8.04806e-06
321 -8.04806e-06
322 -8.04806e-06
323 -8.04806e-06
324 -8.04806e-06
325 -8.04806e-06
326 -8.04806e-06
327 -8.04806e-06
328 -8.04806e-06
329 -8.04806e-06
330 -8.04806e-06
331 -8.04806e-06
332 -8.04806e-06
333 -8.04806e-06
334 -8.04806e-06
335 -8.04806e-06
336 -8.04806e-06
337 -8.04806e-06
338 -8.04806e-06
339 -8.04806e-06
340 -8.04806e-06
341 -8.04806e-06
342 -8.04806e-06
343 4.27434e-06
344 4.27434e-06
345 4.27434e-06
346 4.27434e-06
347 4.27434e-06
348 4.27434e-06
349 4.27434e-06
350 4.27434e-06
351 4.27434e-06
352 4.27434e-06
353 4.27434e-06
354 4.27434e-06
355 4.27434e-06
356 4.27434e-06
357 4.27434e-06
358 4.27434e-06
359 4.27434e-06
360 4.27434e-06
361 4.27434e-06
362 4.27434e-06
363 4.27434e-06
364 4.27434e-06
365 4.27434e-06
366 4.27434e-06
367 4.27434e-06
368 4.27434e-06
369 4.27434e-06
370 4.27434e-06
371 4.27434e-06
372 1.55674e-05
373 1.55674e-05
374 1.55674e-05
375 1.55674e-05
376 1.55674e-05
377 1.55674e-05
378 1.55674e-05
379 1.55674e-05
380 1.55674e-05
381 1.55674e-05
382 1.55674e-05
383 1.55674e-05
384 1.55674e-05
385 1.55674e-05
386 1.55674e-05
387 1.55674e-05
388 1.55674e-05
389 1.55674e-05
390 1.55674e-05
391 1.55674e-05
392 1.55674e-05
393 1.55674e-05
394 1.55674e-05
395 1.55674e-05
396 1.55674e-05
397 1.55674e-05
398 1.55674e-05
399 1.55674e-05
400 2.27369e-05
401 2.27369e-05
402 2.27369e-05
403 2.27369e-05
404 2.27369e-05
405 2.27369e-05
406 2.27369e-05
407 2.27369e-05
408 2.27369e-05
409 2.27369e-05
410 2.27369e-05
411 2.27369e-05
412 2.27369e-05
413 2.27369e-05
414 2.27369e-05
415 2.27369e-05
416 2.27369e-05
417 2.27369e-05
418 2.27369e-05
419 2.27369e-05
420 2.27369e-05
421 2.27369e-05
422 2.27369e-05
423 2.27369e-05
424 2.27369e-05
425 2.27369e-05
426 2.27369e-05
427 2.27369e-05
428 2.27369e-05
429 2.41571e-05
430 2.41571e-05
431 2.41571e-05
432 2.41571e-05
433 2.41571e-05
434 2.41571e-05
435 2.41571e-05
436 2.41571e-05
437 2.41571e-05
438 2.41571e-05
439 2.41571e-05
440 2.41571e-05
441 2.41571e-05
442 2.41571e-05
443 2.41571e-05
444 2.41571e-05
445 2.41571e-05
446 2.41571e-05
447 2.41571e-05
448 2.41571e-05
449 2.41571e-05
450 2.41571e-05
451 2.41571e-05
452 2.41571e-05
453 2.41571e-05
454 2.41571e-05
455 2.41571e-05
456 2.41571e-05
457 1.99366e-05
458 1.99366e-05
459 1.99366e-05
460 1.99366e-05
461 1.99366e-05
462 1.99366e-05
463 1.99366e-05
464 1.99366e-05
465 1.99366e-05
466 1.99366e-05
467 1.99366e-05
468 1.99366e-05
469 1.99366e-05
470 1.99366e-05
471 1.99366e-05
472 1.99366e-05
473 1.99366e-05
474 1.99366e-05
475 1.99366e-05
476 1.99366e-05
477 1.99366e-05
478 1.99366e-05
479 1.99366e-05
480 1.99366e-05
481 1.99366e-05
482 1.99366e-05
483 1.99366e-05
484 1.99366e-05
485 1.99366e-05
486 1.16134e-05
487 1.16134e-05
488 1.16134e-05
489 1.16134e-05
490 1.16134e-05
491 1.16134e-05
492 1.16134e-05
493 1.16134e-05
494 1.16134e-05
495 1.16134e-05
496 1.16134e-05
497 1.16134e-05
498 1.16134e-05
499 1.16134e-05
500 1.16134e-05
501 1.16134e-05
502 1.16134e-05
503 1.16134e-05
504 1.16134e-05
505 1.16134e-05
506 1.16134e-05
507 1.16134e-05
508 1.16134e-05
509 1.16134e-05
510 1.16134e-05
511 1.16134e-05
512 1.16134e-05
513 1.16134e-05
514 1.16134e-05
515 1.49796e-06
516 1.49796e-06
517 1.49796e-06
518 1.49796e-06
519 1.49796e-06
520 1.49796e-06
521 1.49796e-06
522 1.49796e-06
523 1.49796e-06
524 1.49796e-06
525 1.49796e-06
526 1.49796e-06
527 1.49796e-06
528 1.49796e-06
529 1.49796e-06
530 1.49796e-06
531 1.49796e-06
532 1.49796e-06
533 1.49796e-06
534 1.49796e-06
535 1.49796e-06
536 1.49796e-06
537 1.49796e-06
538 1.49796e-06
539 1.49796e-06
540 1.49796e-06
541 1.49796e-06
542 1.49796e-06
543 -8.0039e-06
544 -8.0039e-06
545 -8.0039e-06
546 -8.0039e-06
547 -8.0039e-06
548 -8.0039e-06
549 -8.0039e-06
550 -8.0039e-06
551 -8.0039e-06
552 -8.0039e-06
553 -8.0039e-06
554 -8.0039e-06
555 -8.0039e-06
556 -8.0039e-06
557 -8.0039e-06
558 -8.0039e-06
559 -8.0039e-06
560 -8.0039e-06
561 -8.0039e-06
562 -8.0039e-06
563 -8.0039e-06
564 -8.0039e-06
565 -8.0039e-06
566 -8.0039e-06
567 -8.0039e-06
568 -8.0039e-06
569 -8.0039e-06
570 -8.0039e-06
571 -8.0039e-06
572 -1.49925e-05
573 -1.49925e-05
574 -1.49925e-05
575 -1.49925e-05
576 -1.49925e-05
577 -1.49925e-05
578 -1.49925e-05
579 -1.49925e-05
580 -1.49925e-05
581 -1.49925e-05
582 -1.49925e-05
583 -1.49925e-05
584 -1.49925e-05
585 -1.49925e-05
586 -1.49925e-05
587 -1.49925e-05
588 -1.49925e-05
589 -1.49925e-05
590 -1.49925e-05
591 -1.49925e-05
592 -1.49925e-05
593 -1.49925e-05
594 -1.49925e-05
595 -1.49925e-05
596 -1.49925e-05
597 -1.49925e-05
598 -1.49925e-05
599 -1.49925e-05
600 -1.83341e-05
601 -1.83341e-05
602 -1.83341e-05
603 -1.83341e-05
604 -1.83341e-05
605 -1.83341e-05
606 -1.83341e-05
607 -1.83341e-05
608 -1.83341e-05
609 -1.83341e-05
610 -1.83341e-05
611 -1.83341e-05
612 -1.83341e-05
613 -1.83341e-05
614 -1.83341e-05
615 -1.83341e-05
616 -1.83341e-05
617 -1.83341e-05
618 -1.83341e-05
619 -1.83341e-05
620 -1.83341e-05
621 -1.83341e-05
622 -1.83341e-05
623 -1.83341e-05
624 -1.83341e-05
625 -1.83341e-05
626 -1.83341e-05
627 -1.83341e-05
628 -1.83341e-05
629 -1.78426e-05
630 -1.78426e-05
631 -1.78426e-05
632 -1.78426e-05
633 -1.78426e-05
634 -1.78426e-05
635 -1.78426e-05
636 -1.78426e-05
637 -1.78426e-05
638 -1.78426e-05
639 -1.78426e-05
640 -1.78426e-05
641 -1.78426e-05
642 -1.78426e-05
643 -1.78426e-05
644 -1.78426e-05
645 -1.78426e-05
646 -1.78426e-05
647 -1.78426e-05
648 -1.78426e-05
649 -1.78426e-05
650 -1.78426e-05
651 -1.78426e-05
652 -1.78426e-05
653 -1.78426e-05
654 -1.78426e-05
655 -1.78426e-05
656 -1.78426e-05
657 -1.78426e-05
658 -1.39827e-05
659 -1.39827e-05
660 -1.39827e-05
661 -1.39827e-05
662 -1.39827e-05
663 -1.39827e-05
664 -1.39827e-05
665 -1.39827e-05
666 -1.39827e-05
667 -1.39827e-05
668 -1.39827e-05
669 -1.39827e-05
670 -1.39827e-05
671 -1.39827e-05
672 -1.39827e-05
673 -1.39827e-05
674 -1.39827e-05
675 -1.39827e-05
676 -1.39827e-05
677 -1.39827e-05
678 -1.39827e-05
679 -1.39827e-05
680 -1.39827e-05
681 -1.39827e-05
682 -1.39827e-05
683 -1.39827e-05
684 -1.39827e-05
685 -1.39827e-05
686 -7.82322e-06
687 -7.82322e-06
688 -7.82322e-06
689 -7.82322e-06
690 -7.82322e-06
691 -7.82322e-06
692 -7.82322e-06
693 -7.82322e-06
694 -7.82322e-06
695 -7.82322e-06
696 -7.82322e-06
697 -7.82322e-06
698 -7.82322e-06
699 -7.82322e-06
700 -7.82322e-06
701 -7.82322e-06
702 -7.82322e-06
703 -7.82322e-06
704 -7.82322e-06
705 -7.82322e-06
706 -7.82322e-06
707 -7.82322e-06
708 -7.82322e-06
709 -7.82322e-06
710 -7.82322e-06
711 -7.82322e-06
712 -7.82322e-06
713 -7.82322e-06
714 -7.82322e-06
715 -3.50448e-07
716 -3.50448e-07
717 -3.50448e-07
718 -3.50448e-07
719 -3.50448e-07
720 -3.50448e-07
721 -3.50448e-07
722 -3.50448e-07
723 -3.50448e-07
724 -3.50448e-07
725 -3.50448e-07
726 -3.50448e-07
727 -3.50448e-07
728 -3.50448e-07
729 -3.50448e-07
730 -3.50448e-07
731 -3.50448e-07
732 -3.50448e-07
733 -3.50448e-07
734 -3.50448e-07
735 -3.50448e-07
736 -3.50448e-07
737 -3.50448e-07
738 -3.50448e-07
739 -3.50448e-07
740 -3.50448e-07
741 -3.50448e-07
742 -3.50448e-07
743 7.31328e-06
744 7.31328e-06
745 7.31328e-06
746 7.31328e-06
747 7.31328e-06
748 7.31328e-06
749 7.31328e-06
750 7.31328e-06
751 7.31328e-06
752 7.31328e-06
753 7.31328e-06
754 7.31328e-06
755 7.31328e-06
756 7.31328e-06
757 7.31328e-06
758 7.31328e-06
759 7.31328e-06
760 7.31328e-06
761 7.31328e-06
762 7.31328e-06
763 7.31328e-06
764 7.31328e-06
765 7.31328e-06
766 7.31328e-06
767 7.31328e-06
768 7.31328e-06
769 7.31328e-06
770 7.31328e-06
771 7.31328e-06
772 1.46552e-05
773 1.46552e-05
774 1.46552e-05
775 1.46552e-05
776 1.46552e-05
777 1.46552e-05
778 1.46552e-05
779 1.46552e-05
780 1.46552e-05
781 1.46552e-05
782 1.46552e-05
783 1.46552e-05
784 1.46552e-05
785 1.46552e-05
786 1.46552e-05
787 1.46552e-05
788 1.46552e-05
789 1.46552e-05
790 1.46552e-05
791 1.46552e-05
792 1.46552e-05
793 1.46552e-05
794 1.46552e-05
795 1.46552e-05
796 1.46552e-05
797 1.46552e-05
798 1.46552e-05
799 1.46552e-05
800 1.46552e-05
801 2.01766e-05
802 2.01766e-05
803 2.01766e-05
804 2.01766e-05
805 2.01766e-05
806 2.01766e-05
807 2.01766e-05
808 2.01766e-05
809 2.01766e-05
810 2.01766e-05
811 2.01766e-05
812 2.01766e-05
813 2.01766e-05
814 2.01766e-05
815 2.01766e-05
816 2.01766e-05
817 2.01766e-05
818 2.01766e-05
819 2.01766e-05
820 2.01766e-05
821 2.01766e-05
822 2.01766e-05
823 2.01766e-05
824 2.01766e-05
825 2.01766e-05
826 2.01766e-05
827 2.01766e-05
828 2.01766e-05
829 2.26284e-05
830 2.26284e-05
831 2.26284e-05
832 2.26284e-05
833 2.26284e-05
834 2.26284e-05
835 2.26284e-05
836 2.26284e-05
837 2.26284e-05
838 2.26284e-05
839 2.26284e-05
840 2.26284e-05
841 2.26284e-05
842 2.26284e-05
843 2.26284e-05
844 2.26284e-05
845 2.26284e-05
846 2.26284e-05
847 2.26284e-05
848 2.26284e-05
849 2.26284e-05
850 2.26284e-05
851 2.26284e-05
852 2.26284e-05
853 2.26284e-05
854 2.26284e-05
855 2.26284e-05
856 2.26284e-05
857 2.26284e-05
858 1.96947e-05
859 1.96947e-05
860 1.96947e-05
861 1.96947e-05
862 1.96947e-05
863 1.96947e-05
864 1.96947e-05
865 1.96947e-05
866 1.96947e-05
867 1.96947e-05
868 1.96947e-05
869 1.96947e-05
870 1.96947e-05
871 1.96947e-05
872 1.96947e-05
873 1.96947e-05
874 1.96947e-05
875 1.96947e-05
876 1.96947e-05
877 1.96947e-05
878 1.96947e-05
879 1.96947e-05
880 1.96947e-05
881 1.96947e-05
882 1.96947e-05
883 1.96947e-05
884 1.96947e-05
885 1.96947e-05
886 2.04769e-05
887 2.04769e-05
888 2.04769e-05
889 2.04769e-05
890 2.04769e-05
891 2.04769e-05
892 2.04768e-05
893 2.04768e-05
894 2.04767e-05
895 2.04767e-05
896 2.04762e-05
897 2.04762e-05
898 2.04757e-05
899 2.04757e-05
900 2.04775e-05
901 2.04775e-05
902 2.04948e-05
903 2.04948e-05
904 2.05765e-05
905 2.05765e-05
906 2.08711e-05
907 2.08711e-05
908 2.17616e-05
909 2.17616e-05
910 2.41011e-05
911 2.41011e-05
912 2.95412e-05
913 2.95412e-05
914 4.08563e-05
915 7.40333e-05
916 0.000117626
917 0.000117626
918 0.000188615
919 0.000188615
920 0.00029435
921 0.00029435
922 0.000438625
923 0.000438625
924 0.000619329
925 0.000619329
926 0.000827714
927 0.000827714
928 0.00105023
929 0.00105023
930 0.00127271
931 0.00127271
932 0.00148561
933 0.00148561
934 0.00168803
935 0.00168803
936 0.00188896
937 0.00188896
938 0.00210547
939 0.00210547
940 0.00235938
941 0.00235938
942 0.00267528
943 0.00267528
944 0.00576181
945 0.00576181
946 0.00666375
947 0.00666375
948 0.00783583
949 0.00783583
950 0.00938831
951 0.00938831
952 0.0114394
953 0.0114394
954 0.0140887
955 0.0140887
956 0.0173986
957 0.0173986
958 0.0213965
959 0.0213965
960 0.026074
961 0.026074
962 0.0313608
963 0.0313608
964 0.0371037
965 0.0371037
966 0.0430853
967 0.0430853
968 0.0490697
969 0.0490697
970 0.0548509
971 0.0548509
972 0.150673
973 0.150673
974 0.171121
975 0.171121
976 0.190538
977 0.190538
978 0.208614
979 0.208614
980 0.22516
981 0.22516
982 0.240026
983 0.240026
984 0.253009
985 0.253009
986 0.263648
987 0.263648
988 0.271288
989 0.271288
990 0.27574
991 0.27574
992 0.27738
993 0.27738
994 0.276693
995 0.276693
996 0.274339
997 0.274339
998 0.271328
999 0.271328
1000 0.269816
1001 0
1002 0
1003 0
1004 0
1005 0
1006 0
1007 0
1008 0
1009 0
1010 0
1011 0
1012 0
1013 0
1014 0
1015 0
1016 0
1017 0
1018 0
1019 0
1020 0
1021 0
1022 0
1023 0
1024 0
1025 0
1026 0
1027 0
1028 0
1029 0
1030 0
1031 0
1032 0
1033 0
1034 0
1035 0
1036 0
1037 0
1038 0
1039 0
1040 0
1041 0
1042 0
1043 0
1044 0
1045 0
1046 0
1047 0
1048 0
1049 0
1050 0
1051 0
1052 0
1053 0
1054 0
1055 0
1056 0
1057 0
1058 0
1059 0
1060 0
1061 0
1062 0
1063 0
1064 0
1065 0
1066 0
1067 0
1068 0
1069 0
1070 0
1071 0
1072 0
1073 0
1074 0
1075 0
1076 0
1077 0
1078 0
1079 0
1080 0
1081 0
1082 0
1083 0
1084 0
1085 0
1086 0
1087 0
1088 0
1089 0
1090 0
1091 0
1092 0
1093 0
1094 0
1095 0
1096 0
1097 0
1098 0
1099 0
1100 0
1101 0
1102 0
1103 0
1104 0
1105 0
1106 0
1107 0
1108 0
1109 0
1110 0
1111 0
1112 0
1113 0
1114 0
1115 0
1116 0
1117 0
1118 0
1119 0
1120 0
1121 0
1122 0
1123 0
1124 0
1125 0
1126 0
1127 0
1128 0
1129 0
1130 0
1131 0
1132 0
1133 0
1134 0
1135 0
1136 0
1137 0
1138 0
1139 0
1140 0
1141 0
1142 0
1143 0
1144 0
1145 0
1146 0
1147 0
1148 0
1149 0
1150 0
1151 0
1152 0
1153 0
1154 0
1155 0
1156 0
1157 0
1158 0
1159 0
1160 0
1161 0
1162 0
1163 0
1164 0
1165 0
1166 0
1167 0
1168 0
1169 0
1170 0
1171 0
1172 0
1173 0
1174 0
1175 0
1176 0
1177 0
1178 0
1179 0
1180 0
1181 0
1182 0
1183 0
1184 0
1185 0
1186 0
1187 0
1188 0
1189 0
1190 0
1191 0
1192 0
1193 0
1194 0
1195 0
1196 0
1197 0
1198 0
1199 0
1200 0
1201 0
1202 0
1203 0
1204 0
1205 0
1206 0
1207 0
1208 0
1209 0
1210 0
1211 0
1212 0
1213 0
1214 0
1215 0
1216 0
1217 0
1218 0
1219 0
1220 0
1221 0
1222 0
1223 0
1224 0
1225 0
1226 0
1227 0
1228 0
1229 0
1230 0
1231 0
1232 0
1233 0
1234 0
1235 0
1236 0
1237 0
1238 0
1239 0
1240 0
1241 0
1242 0
1243 0
1244 0
1245 0
1246 0
1247 0
1248 0
1249 0
1250 0
1251 0
1252 0
1253 0
1254 0
1255 0
1256 0
1257 0
1258 0
1259 0
1260 0
1261 0
1262 0
1263 0
1264 0
1265 0
1266 0
1267 0
1268 0
1269 0
1270 0
1271 0
1272 0
1273 0
1274 0
1275 0
1276 0
1277 0
1278 0
1279 0
1280 0
1281 0
1282 0
1283 0
1284 0
1285 0
1286 0
1287 0
1288 0
1289 0
1290 0
1291 0
1292 0
1293 0
1294 0
1295 0
1296 0
1297 0
1298 0
1299 0
1300 0
1301 0
1302 0
1303 0
1304 0
1305 0
1306 0
1307 0
1308 0
1309 0
1310 0
1311 0
1312 0
1313 0
1314 0
1315 0
1316 0
1317 0
1318 0
1319 0
1320 0
1321 0
1322 0
1323 0
1324 0
1325 0
1326 0
1327 0
1328 0
1329 0
1330 0
1331 0
1332 0
1333 0
1334 0
1335 0
1336 0
1337 0
1338 0
1339 0
1340 0
1341 0
1342 0
1343 0
1344 0
1345 0
1346 0
1347 0
1348 0
1349 0
1350 0
1351 0
1352 0
1353 0
1354 0
1355 0
1356 0
1357 0
1358 0
1359 0
1360 0
1361 0
1362 0
1363 0
1364 0
1365 0
1366 0
1367 0
1368 0
1369 0
1370 0
1371 0
1372 0
1373 0
1374 0
1375 0
1376 0
1377 0
1378 0
1379 0
1380 0
1381 0
1382 0
1383 0
1384 0
1385 0
1386 0
1387 0
1388 0
1389 0
1390 0
1391 0
1392 0
1393 0
1394 0
1395 0
1396 0
1397 0
1398 0
1399 0
1400 0
1401 0
1402 0
1403 0
1404 0
1405 0
1406 0
1407 0
1408 0
1409 0
1410 0
1411 0
1412 0
1413 0
1414 0
1415 0
1416 0
1417 0
1418 0
1419 0
1420 0
1421 0
1422 0
1423 0
1424 0
1425 0
1426 0
1427 0
1428 0
1429 0
1430 0
1431 0
1432 0
1433 0
1434 0
1435 0
1436 0
1437 0
1438 0
1439 0
1440 0
1441 0
1442 0
1443 0
1444 0
1445 0
1446 0
1447 0
1448 0
1449 0
1450 0
1451 0
1452 0
1453 0
1454 0
1455 0
1456 0
1457 0
1458 0
1459 0
1460 0
1461 0
1462 0
1463 0
1464 0
1465 0
1466 0
1467 0
1468 0
1469 0
1470 0
1471 0
1472 0
1473 0
1474 0
1475 0
1476 0
1477 0
1478 0
1479 0
1480 0
1481 0
1482 0
1483 0
1484 0
1485 0
1486 0
1487 0
1488 0
1489 0
1490 0
1491 0
1492 0
1493 0
1494 0
1495 0
1496 0
1497 0
1498 0
1499 0
1500 0
1501 0
1502 0
1503 0
1504 0
1505 0
1506 0
1507 0
1508 0
1509 0
1510 0
1511 0
1512 0
1513 0
1514 0
1515 0
1516 0
1517 0
1518 0
1519 0
1520 0
1521 0
1522 0
1523 0
1524 0
1525 0
1526 0
1527 0
1528 0
1529 0
1530 0
1531 0
1532 0
1533 0
1534 0
1535 0
1536 0
1537 0
1538 0
1539 0
1540 0
1541 0
1542 0
1543 0
1544 0
1545 0
1546 0
1547 0
1548 0
1549 0
1550 0
1551 0
1552 0
1553 0
1554 0
1555 0
1556 0
1557 0
1558 0
1559 0
1560 0
1561 0
1562 0
1563 0
1564 0
1565 0
1566 0
1567 0
1568 0
1569 0
1570 0
1571 0
1572 0
1573 0
1574 0
1575 0
1576 0
1577 0
1578 0
1579 0
1580 0
1581 0
1582 0
1583 0
1584 0
1585 0
1586 0
1587 0
1588 0
1589 0
1590 0
1591 0
1592 0
1593 0
1594 0
1595 0
1596 0
1597 0
1598 0
1599 0
1600 0
1601 0
1602 0
1603 0
1604 0
1605 0
1606 0
1607 0
1608 0
1609 0
1610 0
1611 0
1612 0
1613 0
1614 0
1615 0
1616 0
1617 0
1618 0
1619 0
1620 0
1621 0
1622 0
1623 0
1624 0
1625 0
1626 0
1627 0
1628 0
1629 0
1630 0
1631 0
1632 0
1633 0
1634 0
1635 0
1636 0
1637 0
1638 0
1639 0
1640 0
1641 0
1642 0
1643 0
1644 0
1645 0
1646 0
1647 0
1648 0
1649 0
1650 0
1651 0
1652 0
1653 0
1654 0
1655 0
1656 0
1657 0
1658 0
1659 0
1660 0
1661 0
1662 0
1663 0
1664 0
1665 0
1666 0
1667 0
1668 0
1669 0
1670 0
1671 0
1672 0
1673 0
1674 0
1675 0
1676 0
1677 0
1678 0
1679 0
1680 0
1681 0
1682 0
1683 0
1684 0
1685 0
1686 0
1687 0
1688 0
1689 0
1690 0
1691 0
1692 0
1693 0
1694 0
1695 0
1696 0
1697 0
1698 0
1699 0
1700 0
1701 0
1702 0
1703 0
1704 0
1705 0
1706 0
1707 0
1708 0
1709 0
1710 0
1711 0
1712 0
1713 0
1714 0
1715 0
1716 0
1717 0
1718 0
1719 0
1720 0
1721 0
1722 0
1723 0
1724 0
1725 0
1726 0
1727 0
1728 0
1729 0
1730 0
1731 0
1732 0
1733 0
1734 0
1735 0
1736 0
1737 0
1738 0
1739 0
1740 0
1741 0
1742 0
1743 0
1744 0
1745 0
1746 0
1747 0
1748 0
1749 0
1750 0
1751 0
1752 0
1753 0
1754 0
1755 0
1756 0
1757 0
1758 0
1759 0
1760 0
1761 0
1762 0
1763 0
1764 0
1765 0
1766 0
1767 0
1768 0
1769 0
1770 0
1771 0
1772 0
1773 0
1774 0
1775 0
1776 0
1777 0
1778 0
1779 0
1780 0
1781 0
1782 0
1783 0
1784 0
1785 0
1786 0
1787 0
1788 0
1789 0
1790 0
1791 0
1792 0
1793 0
1794 0
1795 0
1796 0
1797 0
1798 0
1799 0
1800 0
1801 0
1802 0
1803 0
1804 0
1805 0
1806 0
1807 0
1808 0
1809 0
1810 0
1811 0
1812 0
1813 0
1814 0
1815 0
1816 0
1817 0
1818 0
1819 0
1820 0
1821 0
1822 0
1823 0
1824 0
1825 0
1826 0
1827 0
1828 0
1829 0
1830 0
1831 0
1832 0
1833 0
1834 0
1835 0
1836 0
1837 0
1838 0
1839 0
1840 0
1841 0
1842 0
1843 0
1844 0
1845 0
1846 0
1847 0
1848 0
1849 0
1850 0
1851 0
1852 0
1853 0
1854 0
1855 0
1856 0
1857 0
1858 0
1859 0
1860 0
1861 0
1862 0
1863 0
1864 0
1865 0
1866 0
1867 0
1868 0
1869 0
1870 0
1871 0
1872 0
1873 0
1874 0
1875 0
1876 0
1877 0
1878 0
1879 0
1880 0
1881 0
1882 0
1883 0
1884 0
1885 0
1886 0
1887 0
1888 0
1889 0
1890 0
1891 0
1892 0
1893 0
1894 0
1895 0
1896 0
1897 0
1898 0
1899 0
1900 0
1901 0
1902 0
1903 0
1904 0
1905 0
1906 0
1907 0
1908 0
1909 0
1910 0
1911 0
1912 0
1913 0
1914 0
1915 0
1916 0
1917 0
1918 0
1919 0
1920 0
1921 0
1922 0
1923 0
1924 0
1925 0
1926 0
1927 0
1928 0
1929 0
1930 0
1931 0
1932 0
1933 0
1934 0
1935 0
1936 0
1937 0
1938 0
1939 0
1940 0
1941 0
1942 0
1943 0
1944 0
1945 0
1946 0
1947 0
1948 0
1949 0
1950 0
1951 0
1952 0
1953 0
1954 0
1955 0
1956 0
1957 0
1958 0
1959 0
1960 0
1961 0
1962 0
1963 0
1964 0
1965 0
1966 0
1967 0
1968 0
1969 0
1970 0
1971 0
1972 0
1973 0
1974 0
1975 0
1976 0
1977 0
1978 0
1979 0
1980 0
1981 0
1982 0
1983 0
1984 0
1985 0
1986 0
1987 0
1988 0
1989 0
1990 0
1991 0
1992 0
1993 0
1994 0
1995 0
1996 0
1997 0
1998 0
1999 0
2000 0
