0 -1.98712e-05
1 -1.98712e-05
2 -1.98712e-05
3 -1.98712e-05
4 -1.98712e-05
5 -1.98712e-05
6 -1.98712e-05
7 -1.98712e-05
8 -1.98712e-05
9 -2.20118e-05
10 -2.20118e-05
11 -2.20118e-05
12 -2.20118e-05
13 -2.20118e-05
14 -2.20118e-05
15 -2.20118e-05
16 -2.20118e-05
17 -2.20118e-05
18 -2.20118e-05
19 -2.20118e-05
20 -2.20118e-05
21 -2.20118e-05
22 -2.20118e-05
23 -2.20118e-05
24 -2.20118e-05
25 -2.20118e-05
26 -2.20118e-05
27 -2.20118e-05
28 -2.20118e-05
29 -2.20118e-05
30 -2.20118e-05
31 -2.20118e-05
32 -2.20118e-05
33 -2.20118e-05
34 -2.20118e-05
35 -2.20118e-05
36 -2.20118e-05
37 -2.20118e-05
38 -2.20118e-05
39 -2.20118e-05
40 -2.20118e-05
41 -2.20118e-05
42 -2.20118e-05
43 -2.20118e-05
44 -2.20118e-05
45 -2.20118e-05
46 -2.20118e-05
47 -1.77627e-05
48 -1.77627e-05
49 -1.77627e-05
50 -1.77627e-05
51 -1.77627e-05
52 -1.77627e-05
53 -1.77627e-05
54 -1.77627e-05
55 -1.77627e-05
56 -1.77627e-05
57 -1.77627e-05
58 -1.77627e-05
59 -1.77627e-05
60 -1.77627e-05
61 -1.77627e-05
62 -1.77627e-05
63 -1.77627e-05
64 -1.77627e-05
65 -1.77627e-05
66 -1.77627e-05
67 -1.77627e-05
68 -1.77627e-05
69 -1.77627e-05
70 -1.77627e-05
71 -1.77627e-05
72 -1.77627e-05
73 -1.77627e-05
74 -1.77627e-05
75 -1.77627e-05
76 -1.77627e-05
77 -1.77627e-05
78 -1.77627e-05
79 -1.77627e-05
80 -1.77627e-05
81 -1.77627e-05
82 -1.77627e-05
83 -1.77627e-05
84 -1.77627e-05
85 -8.04806e-06
86 -8.04806e-06
87 -8.04806e-06
88 -8.04806e-06
89 -8.04806e-06
90 -8.04806e-06
91 -8.04806e-06
92 -8.04806e-06
93 -8.04806e-06
94 -8.04806e-06
95 -8.04806e-06
96 -8.04806e-06
97 -8.04806e-06
98 -8.04806e-06
99 -8.04806e-06
100 -8.04806e-06
101 -8.04806e-06
102 -8.04806e-06
103 -8.04806e-06
104 -8.04806e-06
105 -8.04806e-06
106 -8.04806e-06
107 -8.04806e-06
108 -8.04806e-06
109 -8.04806e-06
110 -8.04806e-06
111 -8.04806e-06
112 -8.04806e-06
113 -8.04806e-06
114 -8.04806e-06
115 -8.04806e-06
116 -8.04806e-06
117 -8.04806e-06
118 -8.04806e-06
119 -8.04806e-06
120 -8.04806e-06
121 -8.04806e-06
122 -8.04806e-06
123 4.27434e-06
124 4.27434e-06
125 4.27434e-06
126 4.27434e-06
127 4.27434e-06
128 4.27434e-06
129 4.27434e-06
130 4.27434e-06
131 4.27434e-06
132 4.27434e-06
133 4.27434e-06
134 4.27434e-06
135 4.27434e-06
136 4.27434e-06
137 4.27434e-06
138 4.27434e-06
139 4.27434e-06
140 4.27434e-06
141 4.27434e-06
142 4.27434e-06
143 4.27434e-06
144 4.27434e-06
145 4.27434e-06
146 4.27434e-06
147 4.27434e-06
148 4.27434e-06
149 4.27434e-06
150 4.27434e-06
151 4.27434e-06
152 4.27434e-06
153 4.27434e-06
154 4.27434e-06
155 4.27434e-06
156 4.27434e-06
157 4.27434e-06
158 4.27434e-06
159 4.27434e-06
160 4.27434e-06
161 1.55674e-05
162 1.55674e-05
163 1.55674e-05
164 1.55674e-05
165 1.55674e-05
166 1.55674e-05
167 1.55674e-05
168 1.55674e-05
169 1.55674e-05
170 1.55674e-05
171 1.55674e-05
172 1.55674e-05
173 1.55674e-05
174 1.55674e-05
175 1.55674e-05
176 1.55674e-05
177 1.55674e-05
178 1.55674e-05
179 1.55674e-05
180 1.55674e-05
181 1.55674e-05
182 1.55674e-05
183 1.55674e-05
184 1.55674e-05
185 1.55674e-05
186 1.55674e-05
187 1.55674e-05
188 1.55674e-05
189 1.55674e-05
190 1.55674e-05
191 1.55674e-05
192 1.55674e-05
193 1.55674e-05
194 1.55674e-05
195 1.55674e-05
196 1.55674e-05
197 1.55674e-05
198 1.55674e-05
199 2.27369e-05
200 2.27369e-05
201 2.27369e-05
202 2.27369e-05
203 2.27369e-05
204 2.27369e-05
205 2.27369e-05
206 2.27369e-05
207 2.27369e-05
208 2.27369e-05
209 2.27369e-05
210 2.27369e-05
211 2.27369e-05
212 2.27369e-05
213 2.27369e-05
214 2.27369e-05
215 2.27369e-05
216 2.27369e-05
217 2.27369e-05
218 2.27369e-05
219 2.27369e-05
220 2.27369e-05
221 2.27369e-05
222 2.27369e-05
223 2.27369e-05
224 2.27369e-05
225 2.27369e-05
226 2.27369e-05
227 2.27369e-05
228 2.27369e-05
229 2.27369e-05
230 2.27369e-05
231 2.27369e-05
232 2.27369e-05
233 2.27369e-05
234 2.27369e-05
235 2.27369e-05
236 2.27369e-05
237 2.27369e-05
238 2.41571e-05
239 2.41571e-05
240 2.41571e-05
241 2.41571e-05
242 2.41571e-05
243 2.41571e-05
244 2.41571e-05
245 2.41571e-05
246 2.41571e-05
247 2.41571e-05
248 2.41571e-05
249 2.41571e-05
250 2.41571e-05
251 2.41571e-05
252 2.41571e-05
253 2.41571e-05
254 2.41571e-05
255 2.41571e-05
256 2.41571e-05
257 2.41571e-05
258 2.41571e-05
259 2.41571e-05
260 2.41571e-05
261 2.41571e-05
262 2.41571e-05
263 2.41571e-05
264 2.41571e-05
265 2.41571e-05
266 2.41571e-05
267 2.41571e-05
268 2.41571e-05
269 2.41571e-05
270 2.41571e-05
271 2.41571e-05
272 2.41571e-05
273 2.41571e-05
274 2.41571e-05
275 2.41571e-05
276 1.99366e-05
277 1.99366e-05
278 1.99366e-05
279 1.99366e-05
280 1.99366e-05
281 1.99366e-05
282 1.99366e-05
283 1.99366e-05
284 1.99366e-05
285 1.99366e-05
286 1.99366e-05
287 1.99366e-05
288 1.99366e-05
289 1.99366e-05
290 1.99366e-05
291 1.99366e-05
292 1.99366e-05
293 1.99366e-05
294 1.99366e-05
295 1.99366e-05
296 1.99366e-05
297 1.99366e-05
298 1.99366e-05
299 1.99366e-05
300 1.99366e-05
301 1.99366e-05
302 1.99366e-05
303 1.99366e-05
304 1.99366e-05
305 1.99366e-05
306 1.99366e-05
307 1.99366e-05
308 1.99366e-05
309 1.99366e-05
310 1.99366e-05
311 1.99366e-05
312 1.99366e-05
313 1.99366e-05
314 1.16134e-05
315 1.16134e-05
316 1.16134e-05
317 1.16134e-05
318 1.16134e-05
319 1.16134e-05
320 1.16134e-05
321 1.16134e-05
322 1.16134e-05
323 1.16134e-05
324 1.16134e-05
325 1.16134e-05
326 1.16134e-05
327 1.16134e-05
328 1.16134e-05
329 1.16134e-05
330 1.16134e-05
331 1.16134e-05
332 1.16134e-05
333 1.16134e-05
334 1.16134e-05
335 1.16134e-05
336 1.16134e-05
337 1.16134e-05
338 1.16134e-05
339 1.16134e-05
340 1.16134e-05
341 1.16134e-05
342 1.16134e-05
343 1.16134e-05
344 1.16134e-05
345 1.16134e-05
346 1.16134e-05
347 1.16134e-05
348 1.16134e-05
349 1.16134e-05
350 1.16134e-05
351 1.16134e-05
352 1.49796e-06
353 1.49796e-06
354 1.49796e-06
355 1.49796e-06
356 1.49796e-06
357 1.49796e-06
358 1.49796e-06
359 1.49796e-06
360 1.49796e-06
361 1.49796e-06
362 1.49796e-06
363 1.49796e-06
364 1.49796e-06
365 1.49796e-06
366 1.49796e-06
367 1.49796e-06
368 1.49796e-06
369 1.49796e-06
370 1.49796e-06
371 1.49796e-06
372 1.49796e-06
373 1.49796e-06
374 1.49796e-06
375 1.49796e-06
376 1.49796e-06
377 1.49796e-06
378 1.49796e-06
379 1.49796e-06
380 1.49796e-06
381 1.49796e-06
382 1.49796e-06
383 1.49796e-06
384 1.49796e-06
385 1.49796e-06
386 1.49796e-06
387 1.49796e-06
388 1.49796e-06
389 1.49796e-06
390 -8.0039e-06
391 -8.0039e-06
392 -8.0039e-06
393 -8.0039e-06
394 -8.0039e-06
395 -8.0039e-06
396 -8.0039e-06
397 -8.0039e-06
398 -8.0039e-06
399 -8.0039e-06
400 -8.0039e-06
401 -8.0039e-06
402 -8.0039e-06
403 -8.0039e-06
404 -8.0039e-06
405 -8.0039e-06
406 -8.0039e-06
407 -8.0039e-06
408 -8.0039e-06
409 -8.0039e-06
410 -8.0039e-06
411 -8.0039e-06
412 -8.0039e-06
413 -8.0039e-06
414 -8.0039e-06
415 -8.0039e-06
416 -8.0039e-06
417 -8.0039e-06
418 -8.0039e-06
419 -8.0039e-06
420 -8.0039e-06
421 -8.0039e-06
422 -8.0039e-06
423 -8.0039e-06
424 -8.0039e-06
425 -8.0039e-06
426 -8.0039e-06
427 -8.0039e-06
428 -1.49925e-05
429 -1.49925e-05
430 -1.49925e-05
431 -1.49925e-05
432 -1.49925e-05
433 -1.49925e-05
434 -1.49925e-05
435 -1.49925e-05
436 -1.49925e-05
437 -1.49925e-05
438 -1.49925e-05
439 -1.49925e-05
440 -1.49925e-05
441 -1.49925e-05
442 -1.49925e-05
443 -1.49925e-05
444 -1.49925e-05
445 -1.49925e-05
446 -1.49925e-05
447 -1.49925e-05
448 -1.49925e-05
449 -1.49925e-05
450 -1.49925e-05
451 -1.49925e-05
452 -1.49925e-05
453 -1.49925e-05
454 -1.49925e-05
455 -1.49925e-05
456 -1.49925e-05
457 -1.49925e-05
458 -1.49925e-05
459 -1.49925e-05
460 -1.49925e-05
461 -1.49925e-05
462 -1.49925e-05
463 -1.49925e-05
464 -1.49925e-05
465 -1.49925e-05
466 -1.49925e-05
467 -1.83341e-05
468 -1.83341e-05
469 -1.83341e-05
470 -1.83341e-05
471 -1.83341e-05
472 -1.83341e-05
473 -1.83341e-05
474 -1.83341e-05
475 -1.83341e-05
476 -1.83341e-05
477 -1.83341e-05
478 -1.83341e-05
479 -1.83341e-05
480 -1.83341e-05
481 -1.83341e-05
482 -1.83341e-05
483 -1.83341e-05
484 -1.83341e-05
485 -1.83341e-05
486 -1.83341e-05
487 -1.83341e-05
488 -1.83341e-05
489 -1.83341e-05
490 -1.83341e-05
491 -1.83341e-05
492 -1.83341e-05
493 -1.83341e-05
494 -1.83341e-05
495 -1.83341e-05
496 -1.83341e-05
497 -1.83341e-05
498 -1.83341e-05
499 -1.83341e-05
500 -1.83341e-05
501 -1.83341e-05
502 -1.83341e-05
503 -1.83341e-05
504 -1.83341e-05
505 -1.78426e-05
506 -1.78426e-05
507 -1.78426e-05
508 -1.78426e-05
509 -1.78426e-05
510 -1.78426e-05
511 -1.78426e-05
512 -1.78426e-05
513 -1.78426e-05
514 -1.78426e-05
515 -1.78426e-05
516 -1.78426e-05
517 -1.78426e-05
518 -1.78426e-05
519 -1.78426e-05
520 -1.78426e-05
521 -1.78426e-05
522 -1.78426e-05
523 -1.78426e-05
524 -1.78426e-05
525 -1.78426e-05
526 -1.78426e-05
527 -1.78426e-05
528 -1.78426e-05
529 -1.78426e-05
530 -1.78426e-05
531 -1.78426e-05
532 -1.78426e-05
533 -1.78426e-05
534 -1.78426e-05
535 -1.78426e-05
536 -1.78426e-05
537 -1.78426e-05
538 -1.78426e-05
539 -1.78426e-05
540 -1.78426e-05
541 -1.78426e-05
542 -1.78426e-05
543 -1.39827e-05
544 -1.39827e-05
545 -1.39827e-05
546 -1.39827e-05
547 -1.39827e-05
548 -1.39827e-05
549 -1.39827e-05
550 -1.39827e-05
551 -1.39827e-05
552 -1.39827e-05
553 -1.39827e-05
554 -1.39827e-05
555 -1.39827e-05
556 -1.39827e-05
557 -1.39827e-05
558 -1.39827e-05
559 -1.39827e-05
560 -1.39827e-05
561 -1.39827e-05
562 -1.39827e-05
563 -1.39827e-05
564 -1.39827e-05
565 -1.39827e-05
566 -1.39827e-05
567 -1.39827e-05
568 -1.39827e-05
569 -1.39827e-05
570 -1.39827e-05
571 -1.39827e-05
572 -1.39827e-05
573 -1.39827e-05
574 -1.39827e-05
575 -1.39827e-05
576 -1.39827e-05
577 -1.39827e-05
578 -1.39827e-05
579 -1.39827e-05
580 -1.39827e-05
581 -7.82322e-06
582 -7.82322e-06
583 -7.82322e-06
584 -7.82322e-06
585 -7.82322e-06
586 -7.82322e-06
587 -7.82322e-06
588 -7.82322e-06
589 -7.82322e-06
590 -7.82322e-06
591 -7.82322e-06
592 -7.82322e-06
593 -7.82322e-06
594 -7.82322e-06
595 -7.82322e-06
596 -7.82322e-06
597 -7.82322e-06
598 -7.82322e-06
599 -7.82322e-06
600 -7.82322e-06
601 -7.82322e-06
602 -7.82322e-06
603 -7.82322e-06
604 -7.82322e-06
605 -7.82322e-06
606 -7.82322e-06
607 -7.82322e-06
608 -7.82322e-06
609 -7.82322e-06
610 -7.82322e-06
611 -7.82322e-06
612 -7.82322e-06
613 -7.82322e-06
614 -7.82322e-06
615 -7.82322e-06
616 -7.82322e-06
617 -7.82322e-06
618 -7.82322e-06
619 -3.50448e-07
620 -3.50448e-07
621 -3.50448e-07
622 -3.50448e-07
623 -3.50448e-07
624 -3.50448e-07
625 -3.50448e-07
626 -3.50448e-07
627 -3.50448e-07
628 -3.50448e-07
629 -3.50448e-07
630 -3.50448e-07
631 -3.50448e-07
632 -3.50448e-07
633 -3.50448e-07
634 -3.50448e-07
635 -3.50448e-07
636 -3.50448e-07
637 -3.50448e-07
638 -3.50448e-07
639 -3.50448e-07
640 -3.50448e-07
641 -3.50448e-07
642 -3.50448e-07
643 -3.50448e-07
644 -3.50448e-07
645 -3.50448e-07
646 -3.50448e-07
647 -3.50448e-07
648 -3.50448e-07
649 -3.50448e-07
650 -3.50448e-07
651 -3.50448e-07
652 -3.50448e-07
653 -3.50448e-07
654 -3.50448e-07
655 -3.50448e-07
656 -3.50448e-07
657 7.31327e-06
658 7.31327e-06
659 7.31327e-06
660 7.31327e-06
661 7.31327e-06
662 7.31327e-06
663 7.31327e-06
664 7.31327e-06
665 7.31327e-06
666 7.31327e-06
667 7.31327e-06
668 7.31327e-06
669 7.31327e-06
670 7.31327e-06
671 7.31327e-06
672 7.31327e-06
673 7.31327e-06
674 7.31327e-06
675 7.31327e-06
676 7.31327e-06
677 7.31327e-06
678 7.31327e-06
679 7.31327e-06
680 7.31327e-06
681 7.31327e-06
682 7.31327e-06
683 7.31327e-06
684 7.31327e-06
685 7.31327e-06
686 7.31327e-06
687 7.31327e-06
688 7.31327e-06
689 7.31327e-06
690 7.31327e-06
691 7.31327e-06
692 7.31327e-06
693 7.31327e-06
694 7.31327e-06
695 7.31327e-06
696 1.46552e-05
697 1.46552e-05
698 1.46552e-05
699 1.46552e-05
700 1.46552e-05
701 1.46552e-05
702 1.46552e-05
703 1.46552e-05
704 1.46552e-05
705 1.46552e-05
706 1.46552e-05
707 1.46552e-05
708 1.46552e-05
709 1.46552e-05
710 1.46552e-05
711 1.46552e-05
712 1.46552e-05
713 1.46552e-05
714 1.46552e-05
715 1.46552e-05
716 1.46552e-05
717 1.46552e-05
718 1.46552e-05
719 1.46552e-05
720 1.46552e-05
721 1.46552e-05
722 1.46552e-05
723 1.46552e-05
724 1.46552e-05
725 1.46552e-05
726 1.46552e-05
727 1.46552e-05
728 1.46552e-05
729 1.46552e-05
730 1.46552e-05
731 1.46552e-05
732 1.46552e-05
733 1.46552e-05
734 2.01766e-05
735 2.01766e-05
736 2.01766e-05
737 2.01766e-05
738 2.01766e-05
739 2.01766e-05
740 2.01766e-05
741 2.01766e-05
742 2.01766e-05
743 2.01766e-05
744 2.01766e-05
745 2.01766e-05
746 2.01766e-05
747 2.01766e-05
748 2.01766e-05
749 2.01766e-05
750 2.01766e-05
751 2.01766e-05
752 2.01766e-05
753 2.01766e-05
754 2.01766e-05
755 2.01766e-05
756 2.01766e-05
757 2.01766e-05
758 2.01766e-05
759 2.01766e-05
760 2.01766e-05
761 2.01766e-05
762 2.01766e-05
763 2.01766e-05
764 2.01766e-05
765 2.01766e-05
766 2.01766e-05
767 2.01766e-05
768 2.01766e-05
769 2.01766e-05
770 2.01766e-05
771 2.01766e-05
772 2.26283e-05
773 2.26283e-05
774 2.26283e-05
775 2.26283e-05
776 2.26283e-05
777 2.26283e-05
778 2.26283e-05
779 2.26283e-05
780 2.26283e-05
781 2.26283e-05
782 2.26283e-05
783 2.26283e-05
784 2.26283e-05
785 2.26283e-05
786 2.26283e-05
787 2.26283e-05
788 2.26283e-05
789 2.26283e-05
790 2.26283e-05
791 2.26283e-05
792 2.26283e-05
793 2.26283e-05
794 2.26283e-05
795 2.26283e-05
796 2.26283e-05
797 2.26283e-05
798 2.26283e-05
799 2.26283e-05
800 2.26283e-05
801 2.26283e-05
802 2.26283e-05
803 2.26283e-05
804 2.26283e-05
805 2.26283e-05
806 2.26283e-05
807 2.26283e-05
808 2.26283e-05
809 2.26283e-05
810 1.96946e-05
811 1.96946e-05
812 1.96946e-05
813 1.96946e-05
814 1.96946e-05
815 1.96946e-05
816 1.96946e-05
817 1.96946e-05
818 1.96946e-05
819 1.96946e-05
820 1.96946e-05
821 1.96946e-05
822 1.96946e-05
823 1.96946e-05
824 1.96946e-05
825 1.96946e-05
826 1.96946e-05
827 1.96946e-05
828 1.96946e-05
829 1.96946e-05
830 1.96946e-05
831 1.96946e-05
832 1.96946e-05
833 1.96946e-05
834 1.96946e-05
835 1.96946e-05
836 1.96946e-05
837 1.96946e-05
838 1.96946e-05
839 1.96946e-05
840 1.96946e-05
841 1.96946e-05
842 1.96946e-05
843 1.96946e-05
844 1.96946e-05
845 1.96946e-05
846 1.96946e-05
847 1.96946e-05
848 2.04769e-05
849 2.04769e-05
850 2.04769e-05
851 2.04769e-05
852 2.04769e-05
853 2.04769e-05
854 2.04769e-05
855 2.04769e-05
856 2.04769e-05
857 2.04769e-05
858 2.04769e-05
859 2.04769e-05
860 2.04769e-05
861 2.04769e-05
862 2.04769e-05
863 2.04769e-05
864 2.04769e-05
865 2.04769e-05
866 2.04769e-05
867 2.04769e-05
868 2.04769e-05
869 2.04769e-05
870 2.04769e-05
871 2.04769e-05
872 2.04769e-05
873 2.04769e-05
874 2.04769e-05
875 2.04769e-05
876 2.04769e-05
877 2.04769e-05
878 2.04769e-05
879 2.04769e-05
880 2.04769e-05
881 2.04769e-05
882 2.04768e-05
883 2.04768e-05
884 2.04768e-05
885 2.04768e-05
886 2.74428e-05
887 2.74428e-05
888 2.74456e-05
889 2.74456e-05
890 2.74577e-05
891 2.74577e-05
892 2.75041e-05
893 2.75041e-05
894 2.76603e-05
895 2.76603e-05
896 2.81302e-05
897 2.81302e-05
898 2.93996e-05
899 2.93996e-05
900 3.24974e-05
901 3.24974e-05
902 3.93523e-05
903 3.93523e-05
904 5.3149e-05
905 5.3149e-05
906 7.84706e-05
907 7.84706e-05
908 0.000120945
909 0.000120945
910 0.000186203
911 0.000186203
912 0.000278263
913 0.000278263
914 0.000397882
915 0.000397882
916 0.000541734
917 0.000541734
918 0.000703139
919 0.000703139
920 0.000874542
921 0.000874542
922 0.00105109
923 0.00105109
924 0.00123415
925 0.00221229
926 0.0026077
927 0.0026077
928 0.00306712
929 0.00306712
930 0.0036262
931 0.0036262
932 0.00432707
933 0.00432707
934 0.00521416
935 0.00521416
936 0.00633073
937 0.00633073
938 0.00771768
939 0.00771768
940 0.00941655
941 0.00941655
942 0.0114791
943 0.0114791
944 0.0139819
945 0.0139819
946 0.0170263
947 0.0170263
948 0.0207109
949 0.0207109
950 0.0250975
951 0.0250975
952 0.0301915
953 0.0301915
954 0.0359341
955 0.0359341
956 0.0421994
957 0.0421994
958 0.0487997
959 0.0487997
960 0.0555068
961 0.0555068
962 0.0620911
963 0.145835
964 0.164607
965 0.164607
966 0.182967
967 0.182967
968 0.200699
969 0.200699
970 0.217689
971 0.217689
972 0.23389
973 0.23389
974 0.249276
975 0.249276
976 0.263804
977 0.263804
978 0.277372
979 0.277372
980 0.289757
981 0.289757
982 0.300455
983 0.300455
984 0.308807
985 0.308807
986 0.314479
987 0.314479
988 0.317659
989 0.317659
990 0.318856
991 0.318856
992 0.318484
993 0.318484
994 0.316712
995 0.316712
996 0.313893
997 0.313893
998 0.310834
999 0.310834
1000 0.309377
1001 0
1002 0
1003 0
1004 0
1005 0
1006 0
1007 0
1008 0
1009 0
1010 0
1011 0
1012 0
1013 0
1014 0
1015 0
1016 0
1017 0
1018 0
1019 0
1020 0
1021 0
1022 0
1023 0
1024 0
1025 0
1026 0
1027 0
1028 0
1029 0
1030 0
1031 0
1032 0
1033 0
1034 0
1035 0
1036 0
1037 0
1038 0
1039 0
1040 0
1041 0
1042 0
1043 0
1044 0
1045 0
1046 0
1047 0
1048 0
1049 0
1050 0
1051 0
1052 0
1053 0
1054 0
1055 0
1056 0
1057 0
1058 0
1059 0
1060 0
1061 0
1062 0
1063 0
1064 0
1065 0
1066 0
1067 0
1068 0
1069 0
1070 0
1071 0
1072 0
1073 0
1074 0
1075 0
1076 0
1077 0
1078 0
1079 0
1080 0
1081 0
1082 0
1083 0
1084 0
1085 0
1086 0
1087 0
1088 0
1089 0
1090 0
1091 0
1092 0
1093 0
1094 0
1095 0
1096 0
1097 0
1098 0
1099 0
1100 0
1101 0
1102 0
1103 0
1104 0
1105 0
1106 0
1107 0
1108 0
1109 0
1110 0
1111 0
1112 0
1113 0
1114 0
1115 0
1116 0
1117 0
1118 0
1119 0
1120 0
1121 0
1122 0
1123 0
1124 0
1125 0
1126 0
1127 0
1128 0
1129 0
1130 0
1131 0
1132 0
1133 0
1134 0
1135 0
1136 0
1137 0
1138 0
1139 0
1140 0
1141 0
1142 0
1143 0
1144 0
1145 0
1146 0
1147 0
1148 0
1149 0
1150 0
1151 0
1152 0
1153 0
1154 0
1155 0
1156 0
1157 0
1158 0
1159 0
1160 0
1161 0
1162 0
1163 0
1164 0
1165 0
1166 0
1167 0
1168 0
1169 0
1170 0
1171 0
1172 0
1173 0
1174 0
1175 0
1176 0
1177 0
1178 0
1179 0
1180 0
1181 0
1182 0
1183 0
1184 0
1185 0
1186 0
1187 0
1188 0
1189 0
1190 0
1191 0
1192 0
1193 0
1194 0
1195 0
1196 0
1197 0
1198 0
1199 0
1200 0
1201 0
1202 0
1203 0
1204 0
1205 0
1206 0
1207 0
1208 0
1209 0
1210 0
1211 0
1212 0
1213 0
1214 0
1215 0
1216 0
1217 0
1218 0
1219 0
1220 0
1221 0
1222 0
1223 0
1224 0
1225 0
1226 0
1227 0
1228 0
1229 0
1230 0
1231 0
1232 0
1233 0
1234 0
1235 0
1236 0
1237 0
1238 0
1239 0
1240 0
1241 0
1242 0
1243 0
1244 0
1245 0
1246 0
1247 0
1248 0
1249 0
1250 0
1251 0
1252 0
1253 0
1254 0
1255 0
1256 0
1257 0
1258 0
1259 0
1260 0
1261 0
1262 0
1263 0
1264 0
1265 0
1266 0
1267 0
1268 0
1269 0
1270 0
1271 0
1272 0
1273 0
1274 0
1275 0
1276 0
1277 0
1278 0
1279 0
1280 0
1281 0
1282 0
1283 0
1284 0
1285 0
1286 0
1287 0
1288 0
1289 0
1290 0
1291 0
1292 0
1293 0
1294 0
1295 0
1296 0
1297 0
1298 0
1299 0
1300 0
1301 0
1302 0
1303 0
1304 0
1305 0
1306 0
1307 0
1308 0
1309 0
1310 0
1311 0
1312 0
1313 0
1314 0
1315 0
1316 0
1317 0
1318 0
1319 0
1320 0
1321 0
1322 0
1323 0
1324 0
1325 0
1326 0
1327 0
1328 0
1329 0
1330 0
1331 0
1332 0
1333 0
1334 0
1335 0
1336 0
1337 0
1338 0
1339 0
1340 0
1341 0
1342 0
1343 0
1344 0
1345 0
1346 0
1347 0
1348 0
1349 0
1350 0
1351 0
1352 0
1353 0
1354 0
1355 0
1356 0
1357 0
1358 0
1359 0
1360 0
1361 0
1362 0
1363 0
1364 0
1365 0
1366 0
1367 0
1368 0
1369 0
1370 0
1371 0
1372 0
1373 0
1374 0
1375 0
1376 0
1377 0
1378 0
1379 0
1380 0
1381 0
1382 0
1383 0
1384 0
1385 0
1386 0
1387 0
1388 0
1389 0
1390 0
1391 0
1392 0
1393 0
1394 0
1395 0
1396 0
1397 0
1398 0
1399 0
1400 0
1401 0
1402 0
1403 0
1404 0
1405 0
1406 0
1407 0
1408 0
1409 0
1410 0
1411 0
1412 0
1413 0
1414 0
1415 0
1416 0
1417 0
1418 0
1419 0
1420 0
1421 0
1422 0
1423 0
1424 0
1425 0
1426 0
1427 0
1428 0
1429 0
1430 0
1431 0
1432 0
1433 0
1434 0
1435 0
1436 0
1437 0
1438 0
1439 0
1440 0
1441 0
1442 0
1443 0
1444 0
1445 0
1446 0
1447 0
1448 0
1449 0
1450 0
1451 0
1452 0
1453 0
1454 0
1455 0
1456 0
1457 0
1458 0
1459 0
1460 0
1461 0
1462 0
1463 0
1464 0
1465 0
1466 0
1467 0
1468 0
1469 0
1470 0
1471 0
1472 0
1473 0
1474 0
1475 0
1476 0
1477 0
1478 0
1479 0
1480 0
1481 0
1482 0
1483 0
1484 0
1485 0
1486 0
1487 0
1488 0
1489 0
1490 0
1491 0
1492 0
1493 0
1494 0
1495 0
1496 0
1497 0
1498 0
1499 0
1500 0
1501 0
1502 0
1503 0
1504 0
1505 0
1506 0
1507 0
1508 0
1509 0
1510 0
1511 0
1512 0
1513 0
1514 0
1515 0
1516 0
1517 0
1518 0
1519 0
1520 0
1521 0
1522 0
1523 0
1524 0
1525 0
1526 0
1527 0
1528 0
1529 0
1530 0
1531 0
1532 0
1533 0
1534 0
1535 0
1536 0
1537 0
1538 0
1539 0
1540 0
1541 0
1542 0
1543 0
1544 0
1545 0
1546 0
1547 0
1548 0
1549 0
1550 0
1551 0
1552 0
1553 0
1554 0
1555 0
1556 0
1557 0
1558 0
1559 0
1560 0
1561 0
1562 0
1563 0
1564 0
1565 0
1566 0
1567 0
1568 0
1569 0
1570 0
1571 0
1572 0
1573 0
1574 0
1575 0
1576 0
1577 0
1578 0
1579 0
1580 0
1581 0
1582 0
1583 0
1584 0
1585 0
1586 0
1587 0
1588 0
1589 0
1590 0
1591 0
1592 0
1593 0
1594 0
1595 0
1596 0
1597 0
1598 0
1599 0
1600 0
1601 0
1602 0
1603 0
1604 0
1605 0
1606 0
1607 0
1608 0
1609 0
1610 0
1611 0
1612 0
1613 0
1614 0
1615 0
1616 0
1617 0
1618 0
1619 0
1620 0
1621 0
1622 0
1623 0
1624 0
1625 0
1626 0
1627 0
1628 0
1629 0
1630 0
1631 0
1632 0
1633 0
1634 0
1635 0
1636 0
1637 0
1638 0
1639 0
1640 0
1641 0
1642 0
1643 0
1644 0
1645 0
1646 0
1647 0
1648 0
1649 0
1650 0
1651 0
1652 0
1653 0
1654 0
1655 0
1656 0
1657 0
1658 0
1659 0
1660 0
1661 0
1662 0
1663 0
1664 0
1665 0
1666 0
1667 0
1668 0
1669 0
1670 0
1671 0
1672 0
1673 0
1674 0
1675 0
1676 0
1677 0
1678 0
1679 0
1680 0
1681 0
1682 0
1683 0
1684 0
1685 0
1686 0
1687 0
1688 0
1689 0
1690 0
1691 0
1692 0
1693 0
1694 0
1695 0
1696 0
1697 0
1698 0
1699 0
1700 0
1701 0
1702 0
1703 0
1704 0
1705 0
1706 0
1707 0
1708 0
1709 0
1710 0
1711 0
1712 0
1713 0
1714 0
1715 0
1716 0
1717 0
1718 0
1719 0
1720 0
1721 0
1722 0
1723 0
1724 0
1725 0
1726 0
1727 0
1728 0
1729 0
1730 0
1731 0
1732 0
1733 0
1734 0
1735 0
1736 0
1737 0
1738 0
1739 0
1740 0
1741 0
1742 0
1743 0
1744 0
1745 0
1746 0
1747 0
1748 0
1749 0
1750 0
1751 0
1752 0
1753 0
1754 0
1755 0
1756 0
1757 0
1758 0
1759 0
1760 0
1761 0
1762 0
1763 0
1764 0
1765 0
1766 0
1767 0
1768 0
1769 0
1770 0
1771 0
1772 0
1773 0
1774 0
1775 0
1776 0
1777 0
1778 0
1779 0
1780 0
1781 0
1782 0
1783 0
1784 0
1785 0
1786 0
1787 0
1788 0
1789 0
1790 0
1791 0
1792 0
1793 0
1794 0
1795 0
1796 0
1797 0
1798 0
1799 0
1800 0
1801 0
1802 0
1803 0
1804 0
1805 0
1806 0
1807 0
1808 0
1809 0
1810 0
1811 0
1812 0
1813 0
1814 0
1815 0
1816 0
1817 0
1818 0
1819 0
1820 0
1821 0
1822 0
1823 0
1824 0
1825 0
1826 0
1827 0
1828 0
1829 0
1830 0
1831 0
1832 0
1833 0
1834 0
1835 0
1836 0
1837 0
1838 0
1839 0
1840 0
1841 0
1842 0
1843 0
1844 0
1845 0
1846 0
1847 0
1848 0
1849 0
1850 0
1851 0
1852 0
1853 0
1854 0
1855 0
1856 0
1857 0
1858 0
1859 0
1860 0
1861 0
1862 0
1863 0
1864 0
1865 0
1866 0
1867 0
1868 0
1869 0
1870 0
1871 0
1872 0
1873 0
1874 0
1875 0
1876 0
1877 0
1878 0
1879 0
1880 0
1881 0
1882 0
1883 0
1884 0
1885 0
1886 0
1887 0
1888 0
1889 0
1890 0
1891 0
1892 0
1893 0
1894 0
1895 0
1896 0
1897 0
1898 0
1899 0
1900 0
1901 0
1902 0
1903 0
1904 0
1905 0
1906 0
1907 0
1908 0
1909 0
1910 0
1911 0
1912 0
1913 0
1914 0
1915 0
1916 0
1917 0
1918 0
1919 0
1920 0
1921 0
1922 0
1923 0
1924 0
1925 0
1926 0
1927 0
1928 0
1929 0
1930 0
1931 0
1932 0
1933 0
1934 0
1935 0
1936 0
1937 0
1938 0
1939 0
1940 0
1941 0
1942 0
1943 0
1944 0
1945 0
1946 0
1947 0
1948 0
1949 0
1950 0
1951 0
1952 0
1953 0
1954 0
1955 0
1956 0
1957 0
1958 0
1959 0
1960 0
1961 0
1962 0
1963 0
1964 0
1965 0
1966 0
1967 0
1968 0
1969 0
1970 0
1971 0
1972 0
1973 0
1974 0
1975 0
1976 0
1977 0
1978 0
1979 0
1980 0
1981 0
1982 0
1983 0
1984 0
1985 0
1986 0
1987 0
1988 0
1989 0
1990 0
1991 0
1992 0
1993 0
1994 0
1995 0
1996 0
1997 0
1998 0
1999 0
2000 0
