0 1.43872e-09
1 1.43872e-09
2 1.43872e-09
3 1.43872e-09
4 1.43872e-09
5 1.43872e-09
6 1.43872e-09
7 1.43872e-09
8 1.43872e-09
9 1.43872e-09
10 1.43872e-09
11 1.43872e-09
12 1.43872e-09
13 1.43872e-09
14 1.43872e-09
15 1.43872e-09
16 1.43872e-09
17 1.43872e-09
18 1.43872e-09
19 1.43872e-09
20 1.43872e-09
21 1.43872e-09
22 1.43872e-09
23 1.43872e-09
24 1.43872e-09
25 1.43872e-09
26 1.43872e-09
27 1.43872e-09
28 -3.40652e-09
29 -3.40652e-09
30 -3.40652e-09
31 -3.40652e-09
32 -3.40652e-09
33 -3.40652e-09
34 -3.40652e-09
35 -3.40652e-09
36 -3.40652e-09
37 -3.40652e-09
38 -3.40652e-09
39 -3.40652e-09
40 -3.40652e-09
41 -3.40652e-09
42 -3.40652e-09
43 -3.40652e-09
44 -3.40652e-09
45 -3.40652e-09
46 -3.40652e-09
47 -3.40652e-09
48 -3.40652e-09
49 -3.40652e-09
50 -3.40652e-09
51 -3.40652e-09
52 -3.40652e-09
53 -3.40652e-09
54 -3.40652e-09
55 -3.40652e-09
56 -3.40652e-09
57 -3.40652e-09
58 -3.40652e-09
59 -3.40652e-09
60 -3.40652e-09
61 -3.40652e-09
62 -3.40652e-09
63 -3.40652e-09
64 -3.40652e-09
65 -3.40652e-09
66 1.97681e-09
67 1.97681e-09
68 1.97681e-09
69 1.97681e-09
70 1.97681e-09
71 1.97681e-09
72 1.97681e-09
73 1.97681e-09
74 1.97681e-09
75 1.97681e-09
76 1.97681e-09
77 1.97681e-09
78 1.97681e-09
79 1.97681e-09
80 1.97681e-09
81 1.97681e-09
82 1.97681e-09
83 1.97681e-09
84 1.97681e-09
85 1.97681e-09
86 1.97681e-09
87 1.97681e-09
88 1.97681e-09
89 1.97681e-09
90 1.97681e-09
91 1.97681e-09
92 1.97681e-09
93 1.97681e-09
94 1.97681e-09
95 1.97681e-09
96 1.97681e-09
97 1.97681e-09
98 1.97681e-09
99 1.97681e-09
100 1.97681e-09
101 1.97681e-09
102 1.97681e-09
103 1.97681e-09
104 -4.16177e-09
105 -4.16177e-09
106 -4.16177e-09
107 -4.16177e-09
108 -4.16177e-09
109 -4.16177e-09
110 -4.16177e-09
111 -4.16177e-09
112 -4.16177e-09
113 -4.16177e-09
114 -4.16177e-09
115 -4.16177e-09
116 -4.16177e-09
117 -4.16177e-09
118 -4.16177e-09
119 -4.16177e-09
120 -4.16177e-09
121 -4.16177e-09
122 -4.16177e-09
123 -4.16177e-09
124 -4.16177e-09
125 -4.16177e-09
126 -4.16177e-09
127 -4.16177e-09
128 -4.16177e-09
129 -4.16177e-09
130 -4.16177e-09
131 -4.16177e-09
132 -4.16177e-09
133 -4.16177e-09
134 -4.16177e-09
135 -4.16177e-09
136 -4.16177e-09
137 -4.16177e-09
138 -4.16177e-09
139 -4.16177e-09
140 -4.16177e-09
141 -4.16177e-09
142 2.50758e-09
143 2.50758e-09
144 2.50758e-09
145 2.50758e-09
146 2.50758e-09
147 2.50758e-09
148 2.50758e-09
149 2.50758e-09
150 2.50758e-09
151 2.50758e-09
152 2.50758e-09
153 2.50758e-09
154 2.50758e-09
155 2.50758e-09
156 2.50758e-09
157 2.50758e-09
158 2.50758e-09
159 2.50758e-09
160 2.50758e-09
161 2.50758e-09
162 2.50758e-09
163 2.50758e-09
164 2.50758e-09
165 2.50758e-09
166 2.50758e-09
167 2.50758e-09
168 2.50758e-09
169 2.50758e-09
170 2.50758e-09
171 2.50758e-09
172 2.50758e-09
173 2.50758e-09
174 2.50758e-09
175 2.50758e-09
176 2.50758e-09
177 2.50758e-09
178 2.50758e-09
179 2.50758e-09
180 -4.87578e-09
181 -4.87578e-09
182 -4.87578e-09
183 -4.87578e-09
184 -4.87578e-09
185 -4.87578e-09
186 -4.87578e-09
187 -4.87578e-09
188 -4.87578e-09
189 -4.87578e-09
190 -4.87578e-09
191 -4.87578e-09
192 -4.87578e-09
193 -4.87578e-09
194 -4.87578e-09
195 -4.87578e-09
196 -4.87578e-09
197 -4.87578e-09
198 -4.87578e-09
199 -4.87578e-09
200 -4.87578e-09
201 -4.87578e-09
202 -4.87578e-09
203 -4.87578e-09
204 -4.87578e-09
205 -4.87578e-09
206 -4.87578e-09
207 -4.87578e-09
208 -4.87578e-09
209 -4.87578e-09
210 -4.87578e-09
211 -4.87578e-09
212 -4.87578e-09
213 -4.87578e-09
214 -4.87578e-09
215 -4.87578e-09
216 -4.87578e-09
217 -4.87578e-09
218 -4.87578e-09
219 3.02219e-09
220 3.02219e-09
221 3.02219e-09
222 3.02219e-09
223 3.02219e-09
224 3.02219e-09
225 3.02219e-09
226 3.02219e-09
227 3.02219e-09
228 3.02219e-09
229 3.02219e-09
230 3.02219e-09
231 3.02219e-09
232 3.02219e-09
233 3.02219e-09
234 3.02219e-09
235 3.02219e-09
236 3.02219e-09
237 3.02219e-09
238 3.02219e-09
239 3.02219e-09
240 3.02219e-09
241 3.02219e-09
242 3.02219e-09
243 3.02219e-09
244 3.02219e-09
245 3.02219e-09
246 3.02219e-09
247 3.02219e-09
248 3.02219e-09
249 3.02219e-09
250 3.02219e-09
251 3.02219e-09
252 3.02219e-09
253 3.02219e-09
254 3.02219e-09
255 3.02219e-09
256 3.02219e-09
257 -5.41447e-09
258 -5.41447e-09
259 -5.41447e-09
260 -5.41447e-09
261 -5.41447e-09
262 -5.41447e-09
263 -5.41447e-09
264 -5.41447e-09
265 -5.41447e-09
266 -5.41447e-09
267 -5.41447e-09
268 -5.41447e-09
269 -5.41447e-09
270 -5.41447e-09
271 -5.41447e-09
272 -5.41447e-09
273 -5.41447e-09
274 -5.41447e-09
275 -5.41447e-09
276 -5.41447e-09
277 -5.41447e-09
278 -5.41447e-09
279 -5.41447e-09
280 -5.41447e-09
281 -5.41447e-09
282 -5.41447e-09
283 -5.41447e-09
284 -5.41447e-09
285 -5.41447e-09
286 -5.41447e-09
287 -5.41447e-09
288 -5.41447e-09
289 -5.41447e-09
290 -5.41447e-09
291 -5.41447e-09
292 -5.41447e-09
293 -5.41447e-09
294 -5.41447e-09
295 3.455e-09
296 3.455e-09
297 3.455e-09
298 3.455e-09
299 3.455e-09
300 3.455e-09
301 3.455e-09
302 3.455e-09
303 3.455e-09
304 3.455e-09
305 3.455e-09
306 3.455e-09
307 3.455e-09
308 3.455e-09
309 3.455e-09
310 3.455e-09
311 3.455e-09
312 3.455e-09
313 3.455e-09
314 3.455e-09
315 3.455e-09
316 3.455e-09
317 3.455e-09
318 3.455e-09
319 3.455e-09
320 3.455e-09
321 3.455e-09
322 3.455e-09
323 3.455e-09
324 3.455e-09
325 3.455e-09
326 3.455e-09
327 3.455e-09
328 3.455e-09
329 3.455e-09
330 3.455e-09
331 3.455e-09
332 3.455e-09
333 -5.68598e-09
334 -5.68598e-09
335 -5.68598e-09
336 -5.68598e-09
337 -5.68598e-09
338 -5.68598e-09
339 -5.68598e-09
340 -5.68598e-09
341 -5.68598e-09
342 -5.68598e-09
343 -5.68598e-09
344 -5.68598e-09
345 -5.68598e-09
346 -5.68598e-09
347 -5.68598e-09
348 -5.68598e-09
349 -5.68598e-09
350 -5.68598e-09
351 -5.68598e-09
352 -5.68598e-09
353 -5.68598e-09
354 -5.68598e-09
355 -5.68598e-09
356 -5.68598e-09
357 -5.68598e-09
358 -5.68598e-09
359 -5.68598e-09
360 -5.68598e-09
361 -5.68598e-09
362 -5.68598e-09
363 -5.68598e-09
364 -5.68598e-09
365 -5.68598e-09
366 -5.68598e-09
367 -5.68598e-09
368 -5.68598e-09
369 -5.68598e-09
370 -5.68598e-09
371 3.70392e-09
372 3.70392e-09
373 3.70392e-09
374 3.70392e-09
375 3.70392e-09
376 3.70392e-09
377 3.70392e-09
378 3.70392e-09
379 3.70392e-09
380 3.70392e-09
381 3.70392e-09
382 3.70392e-09
383 3.70392e-09
384 3.70392e-09
385 3.70392e-09
386 3.70392e-09
387 3.70392e-09
388 3.70392e-09
389 3.70392e-09
390 3.70392e-09
391 3.70392e-09
392 3.70392e-09
393 3.70392e-09
394 3.70392e-09
395 3.70392e-09
396 3.70392e-09
397 3.70392e-09
398 3.70392e-09
399 3.70392e-09
400 3.70392e-09
401 3.70392e-09
402 3.70392e-09
403 3.70392e-09
404 3.70392e-09
405 3.70392e-09
406 3.70392e-09
407 3.70392e-09
408 3.70392e-09
409 -5.67263e-09
410 -5.67263e-09
411 -5.67263e-09
412 -5.67263e-09
413 -5.67263e-09
414 -5.67263e-09
415 -5.67263e-09
416 -5.67263e-09
417 -5.67263e-09
418 -5.67263e-09
419 -5.67263e-09
420 -5.67263e-09
421 -5.67263e-09
422 -5.67263e-09
423 -5.67263e-09
424 -5.67263e-09
425 -5.67263e-09
426 -5.67263e-09
427 -5.67263e-09
428 -5.67263e-09
429 -5.67263e-09
430 -5.67263e-09
431 -5.67263e-09
432 -5.67263e-09
433 -5.67263e-09
434 -5.67263e-09
435 -5.67263e-09
436 -5.67263e-09
437 -5.67263e-09
438 -5.67263e-09
439 -5.67263e-09
440 -5.67263e-09
441 -5.67263e-09
442 -5.67263e-09
443 -5.67263e-09
444 -5.67263e-09
445 -5.67263e-09
446 -5.67263e-09
447 -5.67263e-09
448 3.73749e-09
449 3.73749e-09
450 3.73749e-09
451 3.73749e-09
452 3.73749e-09
453 3.73749e-09
454 3.73749e-09
455 3.73749e-09
456 3.73749e-09
457 3.73749e-09
458 3.73749e-09
459 3.73749e-09
460 3.73749e-09
461 3.73749e-09
462 3.73749e-09
463 3.73749e-09
464 3.73749e-09
465 3.73749e-09
466 3.73749e-09
467 3.73749e-09
468 3.73749e-09
469 3.73749e-09
470 3.73749e-09
471 3.73749e-09
472 3.73749e-09
473 3.73749e-09
474 3.73749e-09
475 3.73749e-09
476 3.73749e-09
477 3.73749e-09
478 3.73749e-09
479 3.73749e-09
480 3.73749e-09
481 3.73749e-09
482 3.73749e-09
483 3.73749e-09
484 3.73749e-09
485 3.73749e-09
486 -5.54909e-09
487 -5.54909e-09
488 -5.54909e-09
489 -5.54909e-09
490 -5.54909e-09
491 -5.54909e-09
492 -5.54909e-09
493 -5.54909e-09
494 -5.54909e-09
495 -5.54909e-09
496 -5.54909e-09
497 -5.54909e-09
498 -5.54909e-09
499 -5.54909e-09
500 -5.54909e-09
501 -5.54909e-09
502 -5.54909e-09
503 -5.54909e-09
504 -5.54909e-09
505 -5.54909e-09
506 -5.54909e-09
507 -5.54909e-09
508 -5.54909e-09
509 -5.54909e-09
510 -5.54909e-09
511 -5.54909e-09
512 -5.54909e-09
513 -5.54909e-09
514 -5.54909e-09
515 -5.54909e-09
516 -5.54909e-09
517 -5.54909e-09
518 -5.54909e-09
519 -5.54909e-09
520 -5.54909e-09
521 -5.54909e-09
522 -5.54909e-09
523 -5.54909e-09
524 3.99878e-09
525 3.99878e-09
526 3.99878e-09
527 3.99878e-09
528 3.99878e-09
529 3.99878e-09
530 3.99878e-09
531 3.99878e-09
532 3.99878e-09
533 3.99878e-09
534 3.99878e-09
535 3.99878e-09
536 3.99878e-09
537 3.99878e-09
538 3.99878e-09
539 3.99878e-09
540 3.99878e-09
541 3.99878e-09
542 3.99877e-09
543 3.99877e-09
544 3.99876e-09
545 3.99876e-09
546 3.99875e-09
547 3.99875e-09
548 3.99871e-09
549 3.99871e-09
550 3.99863e-09
551 3.99863e-09
552 3.99847e-09
553 3.99847e-09
554 3.99816e-09
555 3.99816e-09
556 3.99755e-09
557 3.99755e-09
558 3.9964e-09
559 3.9964e-09
560 3.99425e-09
561 3.99425e-09
562 -6.11482e-09
563 -6.11482e-09
564 -6.11989e-09
565 -6.11989e-09
566 -6.12859e-09
567 -6.12859e-09
568 -6.14318e-09
569 -6.14318e-09
570 -6.1671e-09
571 -6.1671e-09
572 -6.20538e-09
573 -6.20538e-09
574 -6.26513e-09
575 -6.26513e-09
576 -6.35602e-09
577 -6.35602e-09
578 -6.4905e-09
579 -6.4905e-09
580 -6.68366e-09
581 -6.68366e-09
582 -6.95218e-09
583 -6.95218e-09
584 -7.31193e-09
585 -7.31193e-09
586 -7.77335e-09
587 -7.77335e-09
588 -8.33393e-09
589 -8.33393e-09
590 -8.96656e-09
591 -8.96656e-09
592 -9.60318e-09
593 -9.60318e-09
594 -1.01127e-08
595 -1.01127e-08
596 -1.02736e-08
597 -1.02736e-08
598 -9.74138e-09
599 -9.74138e-09
600 4.11864e-08
601 4.11864e-08
602 5.84635e-08
603 5.84635e-08
604 8.29048e-08
605 8.29048e-08
606 1.16678e-07
607 1.16678e-07
608 1.62301e-07
609 1.62301e-07
610 2.22588e-07
611 2.22588e-07
612 3.00556e-07
613 3.00556e-07
614 3.99276e-07
615 3.99276e-07
616 5.21682e-07
617 5.21682e-07
618 6.70335e-07
619 6.70335e-07
620 8.47168e-07
621 8.47168e-07
622 1.05321e-06
623 1.05321e-06
624 1.28838e-06
625 1.28838e-06
626 1.55128e-06
627 1.55128e-06
628 1.83911e-06
629 1.83911e-06
630 2.14778e-06
631 2.14778e-06
632 2.47203e-06
633 2.47203e-06
634 2.80585e-06
635 2.80585e-06
636 3.1429e-06
637 3.1429e-06
638 6.7056e-06
639 6.7056e-06
640 7.41123e-06
641 7.41123e-06
642 8.12122e-06
643 8.12122e-06
644 8.83125e-06
645 8.83125e-06
646 9.53884e-06
647 9.53884e-06
648 1.02432e-05
649 1.02432e-05
650 1.09451e-05
651 1.09451e-05
652 1.16459e-05
653 1.16459e-05
654 1.2347e-05
655 1.2347e-05
656 1.3049e-05
657 1.3049e-05
658 1.37508e-05
659 1.37508e-05
660 1.44493e-05
661 1.44493e-05
662 1.51394e-05
663 1.51394e-05
664 1.58141e-05
665 1.58141e-05
666 1.64652e-05
667 1.64652e-05
668 1.70848e-05
669 1.70848e-05
670 1.7666e-05
671 1.7666e-05
672 1.82044e-05
673 1.82044e-05
674 1.86992e-05
675 1.86992e-05
676 1.9153e-05
677 3.78353e-05
678 3.87573e-05
679 3.87573e-05
680 3.96605e-05
681 3.96605e-05
682 4.05617e-05
683 4.05617e-05
684 4.14772e-05
685 4.14772e-05
686 4.24213e-05
687 4.24213e-05
688 4.34046e-05
689 4.34046e-05
690 4.44339e-05
691 4.44339e-05
692 4.55119e-05
693 4.55119e-05
694 4.66376e-05
695 4.66376e-05
696 4.78083e-05
697 4.78083e-05
698 4.90204e-05
699 4.90204e-05
700 5.02712e-05
701 5.02712e-05
702 5.15607e-05
703 5.15607e-05
704 5.28916e-05
705 5.28916e-05
706 5.42706e-05
707 5.42706e-05
708 5.57068e-05
709 5.57068e-05
710 5.72112e-05
711 5.72112e-05
712 5.87953e-05
713 5.87953e-05
714 6.04694e-05
715 0.000124311
716 0.000128073
717 0.000128073
718 0.000132009
719 0.000132009
720 0.00013612
721 0.00013612
722 0.000140404
723 0.000140404
724 0.000144859
725 0.000144859
726 0.000149481
727 0.000149481
728 0.00015427
729 0.00015427
730 0.000159227
731 0.000159227
732 0.000164355
733 0.000164355
734 0.000169661
735 0.000169661
736 0.000175156
737 0.000175156
738 0.000180854
739 0.000180854
740 0.000186772
741 0.000186772
742 0.000192925
743 0.000192925
744 0.000199331
745 0.000199331
746 0.000206004
747 0.000206004
748 0.000212955
749 0.000212955
750 0.000220192
751 0.000220192
752 0.000227718
753 0.000468326
754 0.000484138
755 0.000484138
756 0.000500461
757 0.000500461
758 0.000517281
759 0.000517281
760 0.000534586
761 0.000534586
762 0.000552376
763 0.000552376
764 0.000570663
765 0.000570663
766 0.000589473
767 0.000589473
768 0.000608848
769 0.000608848
770 0.000628842
771 0.000628842
772 0.000649519
773 0.000649519
774 0.000670954
775 0.000670954
776 0.00069323
777 0.00069323
778 0.000716446
779 0.000716446
780 0.000740718
781 0.000740718
782 0.000766186
783 0.000766186
784 0.000793021
785 0.000793021
786 0.000821428
787 0.000821428
788 0.000851645
789 0.000851645
790 0.000883938
791 0.00170853
792 0.00177726
793 0.00177726
794 0.00185167
795 0.00185167
796 0.00193229
797 0.00193229
798 0.00201969
799 0.00201969
800 0.00211449
801 0.00211449
802 0.00221739
803 0.00221739
804 0.00232916
805 0.00232916
806 0.00245068
807 0.00245068
808 0.00258295
809 0.00258295
810 0.00272714
811 0.00272714
812 0.0028846
813 0.0028846
814 0.003057
815 0.003057
816 0.00324629
817 0.00324629
818 0.00345483
819 0.00345483
820 0.00368542
821 0.00368542
822 0.00394142
823 0.00394142
824 0.00422687
825 0.00422687
826 0.00454669
827 0.00454669
828 0.00490695
829 0.00861946
830 0.00932506
831 0.00932506
832 0.010129
833 0.010129
834 0.0110521
835 0.0110521
836 0.0121207
837 0.0121207
838 0.013369
839 0.013369
840 0.0148413
841 0.0148413
842 0.0165959
843 0.0165959
844 0.0187095
845 0.0187095
846 0.0212846
847 0.0212846
848 0.0244608
849 0.0244608
850 0.0284203
851 0.0284203
852 0.0333538
853 0.0333538
854 0.0394031
855 0.0394031
856 0.0466318
857 0.0466318
858 0.0550324
859 0.0550324
860 0.0645418
861 0.0645418
862 0.0750516
863 0.0750516
864 0.0864132
865 0.0864132
866 0.0984429
867 0.220523
868 0.25383
869 0.25383
870 0.288296
871 0.288296
872 0.323292
873 0.323292
874 0.358152
875 0.358152
876 0.392202
877 0.392202
878 0.424806
879 0.424806
880 0.455393
881 0.455393
882 0.483486
883 0.483486
884 0.508661
885 0.508661
886 0.530332
887 0.530332
888 0.54769
889 0.54769
890 0.56029
891 0.56029
892 0.568397
893 0.568397
894 0.57264
895 0.57264
896 0.573605
897 0.573605
898 0.571663
899 0.571663
900 0.567031
901 0.567031
902 0.559926
903 0.559926
904 0.550648
905 0.580387
906 0.577999
907 0.577999
908 0.574111
909 0.574111
910 0.569045
911 0.569045
912 0.563117
913 0.563117
914 0.556599
915 0.556599
916 0.549703
917 0.549703
918 0.542551
919 0.542551
920 0.535201
921 0.535201
922 0.527678
923 0.527678
924 0.519959
925 0.519959
926 0.511811
927 0.511811
928 0.502968
929 0.502968
930 0.493382
931 0.493382
932 0.483763
933 0.483763
934 0.474572
935 0.474572
936 0.462859
937 0.462859
938 0.448219
939 0.448219
940 0.422116
941 0.422116
942 0.410375
943 0.410375
944 0.448238
945 0.448238
946 0.450608
947 0.450608
948 0.447805
949 0.447805
950 0.442112
951 0.442112
952 0.438543
953 0.438543
954 0.438585
955 0.438585
956 0.44055
957 0.44055
958 0.442265
959 0.442265
960 0.44218
961 0.44218
962 0.440169
963 0.440169
964 0.436738
965 0.436738
966 0.432116
967 0.432116
968 0.426856
969 0.426856
970 0.421187
971 0.421187
972 0.414366
973 0.414366
974 0.407302
975 0.407302
976 0.400032
977 0.400032
978 0.390624
979 0.390624
980 0.378386
981 0.378386
982 0.389109
983 0.389109
984 0.388051
985 0.388051
986 0.38566
987 0.38566
988 0.387277
989 0.387277
990 0.386016
991 0.386016
992 0.382763
993 0.382763
994 0.38156
995 0.38156
996 0.383269
997 0.383269
998 0.38604
999 0.38604
1000 0.38723
1001 0
1002 0
1003 0
1004 0
1005 0
1006 0
1007 0
1008 0
1009 0
1010 0
1011 0
1012 0
1013 0
1014 0
1015 0
1016 0
1017 0
1018 0
1019 0
1020 0
1021 0
1022 0
1023 0
1024 0
1025 0
1026 0
1027 0
1028 0
1029 0
1030 0
1031 0
1032 0
1033 0
1034 0
1035 0
1036 0
1037 0
1038 0
1039 0
1040 0
1041 0
1042 0
1043 0
1044 0
1045 0
1046 0
1047 0
1048 0
1049 0
1050 0
1051 0
1052 0
1053 0
1054 0
1055 0
1056 0
1057 0
1058 0
1059 0
1060 0
1061 0
1062 0
1063 0
1064 0
1065 0
1066 0
1067 0
1068 0
1069 0
1070 0
1071 0
1072 0
1073 0
1074 0
1075 0
1076 0
1077 0
1078 0
1079 0
1080 0
1081 0
1082 0
1083 0
1084 0
1085 0
1086 0
1087 0
1088 0
1089 0
1090 0
1091 0
1092 0
1093 0
1094 0
1095 0
1096 0
1097 0
1098 0
1099 0
1100 0
1101 0
1102 0
1103 0
1104 0
1105 0
1106 0
1107 0
1108 0
1109 0
1110 0
1111 0
1112 0
1113 0
1114 0
1115 0
1116 0
1117 0
1118 0
1119 0
1120 0
1121 0
1122 0
1123 0
1124 0
1125 0
1126 0
1127 0
1128 0
1129 0
1130 0
1131 0
1132 0
1133 0
1134 0
1135 0
1136 0
1137 0
1138 0
1139 0
1140 0
1141 0
1142 0
1143 0
1144 0
1145 0
1146 0
1147 0
1148 0
1149 0
1150 0
1151 0
1152 0
1153 0
1154 0
1155 0
1156 0
1157 0
1158 0
1159 0
1160 0
1161 0
1162 0
1163 0
1164 0
1165 0
1166 0
1167 0
1168 0
1169 0
1170 0
1171 0
1172 0
1173 0
1174 0
1175 0
1176 0
1177 0
1178 0
1179 0
1180 0
1181 0
1182 0
1183 0
1184 0
1185 0
1186 0
1187 0
1188 0
1189 0
1190 0
1191 0
1192 0
1193 0
1194 0
1195 0
1196 0
1197 0
1198 0
1199 0
1200 0
1201 0
1202 0
1203 0
1204 0
1205 0
1206 0
1207 0
1208 0
1209 0
1210 0
1211 0
1212 0
1213 0
1214 0
1215 0
1216 0
1217 0
1218 0
1219 0
1220 0
1221 0
1222 0
1223 0
1224 0
1225 0
1226 0
1227 0
1228 0
1229 0
1230 0
1231 0
1232 0
1233 0
1234 0
1235 0
1236 0
1237 0
1238 0
1239 0
1240 0
1241 0
1242 0
1243 0
1244 0
1245 0
1246 0
1247 0
1248 0
1249 0
1250 0
1251 0
1252 0
1253 0
1254 0
1255 0
1256 0
1257 0
1258 0
1259 0
1260 0
1261 0
1262 0
1263 0
1264 0
1265 0
1266 0
1267 0
1268 0
1269 0
1270 0
1271 0
1272 0
1273 0
1274 0
1275 0
1276 0
1277 0
1278 0
1279 0
1280 0
1281 0
1282 0
1283 0
1284 0
1285 0
1286 0
1287 0
1288 0
1289 0
1290 0
1291 0
1292 0
1293 0
1294 0
1295 0
1296 0
1297 0
1298 0
1299 0
1300 0
1301 0
1302 0
1303 0
1304 0
1305 0
1306 0
1307 0
1308 0
1309 0
1310 0
1311 0
1312 0
1313 0
1314 0
1315 0
1316 0
1317 0
1318 0
1319 0
1320 0
1321 0
1322 0
1323 0
1324 0
1325 0
1326 0
1327 0
1328 0
1329 0
1330 0
1331 0
1332 0
1333 0
1334 0
1335 0
1336 0
1337 0
1338 0
1339 0
1340 0
1341 0
1342 0
1343 0
1344 0
1345 0
1346 0
1347 0
1348 0
1349 0
1350 0
1351 0
1352 0
1353 0
1354 0
1355 0
1356 0
1357 0
1358 0
1359 0
1360 0
1361 0
1362 0
1363 0
1364 0
1365 0
1366 0
1367 0
1368 0
1369 0
1370 0
1371 0
1372 0
1373 0
1374 0
1375 0
1376 0
1377 0
1378 0
1379 0
1380 0
1381 0
1382 0
1383 0
1384 0
1385 0
1386 0
1387 0
1388 0
1389 0
1390 0
1391 0
1392 0
1393 0
1394 0
1395 0
1396 0
1397 0
1398 0
1399 0
1400 0
1401 0
1402 0
1403 0
1404 0
1405 0
1406 0
1407 0
1408 0
1409 0
1410 0
1411 0
1412 0
1413 0
1414 0
1415 0
1416 0
1417 0
1418 0
1419 0
1420 0
1421 0
1422 0
1423 0
1424 0
1425 0
1426 0
1427 0
1428 0
1429 0
1430 0
1431 0
1432 0
1433 0
1434 0
1435 0
1436 0
1437 0
1438 0
1439 0
1440 0
1441 0
1442 0
1443 0
1444 0
1445 0
1446 0
1447 0
1448 0
1449 0
1450 0
1451 0
1452 0
1453 0
1454 0
1455 0
1456 0
1457 0
1458 0
1459 0
1460 0
1461 0
1462 0
1463 0
1464 0
1465 0
1466 0
1467 0
1468 0
1469 0
1470 0
1471 0
1472 0
1473 0
1474 0
1475 0
1476 0
1477 0
1478 0
1479 0
1480 0
1481 0
1482 0
1483 0
1484 0
1485 0
1486 0
1487 0
1488 0
1489 0
1490 0
1491 0
1492 0
1493 0
1494 0
1495 0
1496 0
1497 0
1498 0
1499 0
1500 0
1501 0
1502 0
1503 0
1504 0
1505 0
1506 0
1507 0
1508 0
1509 0
1510 0
1511 0
1512 0
1513 0
1514 0
1515 0
1516 0
1517 0
1518 0
1519 0
1520 0
1521 0
1522 0
1523 0
1524 0
1525 0
1526 0
1527 0
1528 0
1529 0
1530 0
1531 0
1532 0
1533 0
1534 0
1535 0
1536 0
1537 0
1538 0
1539 0
1540 0
1541 0
1542 0
1543 0
1544 0
1545 0
1546 0
1547 0
1548 0
1549 0
1550 0
1551 0
1552 0
1553 0
1554 0
1555 0
1556 0
1557 0
1558 0
1559 0
1560 0
1561 0
1562 0
1563 0
1564 0
1565 0
1566 0
1567 0
1568 0
1569 0
1570 0
1571 0
1572 0
1573 0
1574 0
1575 0
1576 0
1577 0
1578 0
1579 0
1580 0
1581 0
1582 0
1583 0
1584 0
1585 0
1586 0
1587 0
1588 0
1589 0
1590 0
1591 0
1592 0
1593 0
1594 0
1595 0
1596 0
1597 0
1598 0
1599 0
1600 0
1601 0
1602 0
1603 0
1604 0
1605 0
1606 0
1607 0
1608 0
1609 0
1610 0
1611 0
1612 0
1613 0
1614 0
1615 0
1616 0
1617 0
1618 0
1619 0
1620 0
1621 0
1622 0
1623 0
1624 0
1625 0
1626 0
1627 0
1628 0
1629 0
1630 0
1631 0
1632 0
1633 0
1634 0
1635 0
1636 0
1637 0
1638 0
1639 0
1640 0
1641 0
1642 0
1643 0
1644 0
1645 0
1646 0
1647 0
1648 0
1649 0
1650 0
1651 0
1652 0
1653 0
1654 0
1655 0
1656 0
1657 0
1658 0
1659 0
1660 0
1661 0
1662 0
1663 0
1664 0
1665 0
1666 0
1667 0
1668 0
1669 0
1670 0
1671 0
1672 0
1673 0
1674 0
1675 0
1676 0
1677 0
1678 0
1679 0
1680 0
1681 0
1682 0
1683 0
1684 0
1685 0
1686 0
1687 0
1688 0
1689 0
1690 0
1691 0
1692 0
1693 0
1694 0
1695 0
1696 0
1697 0
1698 0
1699 0
1700 0
1701 0
1702 0
1703 0
1704 0
1705 0
1706 0
1707 0
1708 0
1709 0
1710 0
1711 0
1712 0
1713 0
1714 0
1715 0
1716 0
1717 0
1718 0
1719 0
1720 0
1721 0
1722 0
1723 0
1724 0
1725 0
1726 0
1727 0
1728 0
1729 0
1730 0
1731 0
1732 0
1733 0
1734 0
1735 0
1736 0
1737 0
1738 0
1739 0
1740 0
1741 0
1742 0
1743 0
1744 0
1745 0
1746 0
1747 0
1748 0
1749 0
1750 0
1751 0
1752 0
1753 0
1754 0
1755 0
1756 0
1757 0
1758 0
1759 0
1760 0
1761 0
1762 0
1763 0
1764 0
1765 0
1766 0
1767 0
1768 0
1769 0
1770 0
1771 0
1772 0
1773 0
1774 0
1775 0
1776 0
1777 0
1778 0
1779 0
1780 0
1781 0
1782 0
1783 0
1784 0
1785 0
1786 0
1787 0
1788 0
1789 0
1790 0
1791 0
1792 0
1793 0
1794 0
1795 0
1796 0
1797 0
1798 0
1799 0
1800 0
1801 0
1802 0
1803 0
1804 0
1805 0
1806 0
1807 0
1808 0
1809 0
1810 0
1811 0
1812 0
1813 0
1814 0
1815 0
1816 0
1817 0
1818 0
1819 0
1820 0
1821 0
1822 0
1823 0
1824 0
1825 0
1826 0
1827 0
1828 0
1829 0
1830 0
1831 0
1832 0
1833 0
1834 0
1835 0
1836 0
1837 0
1838 0
1839 0
1840 0
1841 0
1842 0
1843 0
1844 0
1845 0
1846 0
1847 0
1848 0
1849 0
1850 0
1851 0
1852 0
1853 0
1854 0
1855 0
1856 0
1857 0
1858 0
1859 0
1860 0
1861 0
1862 0
1863 0
1864 0
1865 0
1866 0
1867 0
1868 0
1869 0
1870 0
1871 0
1872 0
1873 0
1874 0
1875 0
1876 0
1877 0
1878 0
1879 0
1880 0
1881 0
1882 0
1883 0
1884 0
1885 0
1886 0
1887 0
1888 0
1889 0
1890 0
1891 0
1892 0
1893 0
1894 0
1895 0
1896 0
1897 0
1898 0
1899 0
1900 0
1901 0
1902 0
1903 0
1904 0
1905 0
1906 0
1907 0
1908 0
1909 0
1910 0
1911 0
1912 0
1913 0
1914 0
1915 0
1916 0
1917 0
1918 0
1919 0
1920 0
1921 0
1922 0
1923 0
1924 0
1925 0
1926 0
1927 0
1928 0
1929 0
1930 0
1931 0
1932 0
1933 0
1934 0
1935 0
1936 0
1937 0
1938 0
1939 0
1940 0
1941 0
1942 0
1943 0
1944 0
1945 0
1946 0
1947 0
1948 0
1949 0
1950 0
1951 0
1952 0
1953 0
1954 0
1955 0
1956 0
1957 0
1958 0
1959 0
1960 0
1961 0
1962 0
1963 0
1964 0
1965 0
1966 0
1967 0
1968 0
1969 0
1970 0
1971 0
1972 0
1973 0
1974 0
1975 0
1976 0
1977 0
1978 0
1979 0
1980 0
1981 0
1982 0
1983 0
1984 0
1985 0
1986 0
1987 0
1988 0
1989 0
1990 0
1991 0
1992 0
1993 0
1994 0
1995 0
1996 0
1997 0
1998 0
1999 0
2000 0
