0 -1.13254e-08
1 -1.13254e-08
2 -1.13254e-08
3 -1.13254e-08
4 -1.13254e-08
5 -1.13254e-08
6 -1.13254e-08
7 -1.13254e-08
8 -1.13254e-08
9 -1.13254e-08
10 -1.13254e-08
11 -1.13254e-08
12 -1.13254e-08
13 -1.13254e-08
14 -1.13254e-08
15 -1.13254e-08
16 -1.13254e-08
17 -1.13254e-08
18 -1.13254e-08
19 -1.13254e-08
20 -1.13254e-08
21 -1.13254e-08
22 -1.13254e-08
23 -1.13254e-08
24 -1.13254e-08
25 -1.13254e-08
26 -1.13254e-08
27 -1.13254e-08
28 -1.57136e-08
29 -1.57136e-08
30 -1.57136e-08
31 -1.57136e-08
32 -1.57136e-08
33 -1.57136e-08
34 -1.57136e-08
35 -1.57136e-08
36 -1.57136e-08
37 -1.57136e-08
38 -1.57136e-08
39 -1.57136e-08
40 -1.57136e-08
41 -1.57136e-08
42 -1.57136e-08
43 -1.57136e-08
44 -1.57136e-08
45 -1.57136e-08
46 -1.57136e-08
47 -1.57136e-08
48 -1.57136e-08
49 -1.57136e-08
50 -1.57136e-08
51 -1.57136e-08
52 -1.57136e-08
53 -1.57136e-08
54 -1.57136e-08
55 -1.57136e-08
56 -1.57136e-08
57 -1.57136e-08
58 -1.57136e-08
59 -1.57136e-08
60 -1.57136e-08
61 -1.57136e-08
62 -1.57136e-08
63 -1.57136e-08
64 -1.57136e-08
65 -1.57136e-08
66 -2.32004e-08
67 -2.32004e-08
68 -2.32004e-08
69 -2.32004e-08
70 -2.32004e-08
71 -2.32004e-08
72 -2.32004e-08
73 -2.32004e-08
74 -2.32004e-08
75 -2.32004e-08
76 -2.32004e-08
77 -2.32004e-08
78 -2.32004e-08
79 -2.32004e-08
80 -2.32004e-08
81 -2.32004e-08
82 -2.32004e-08
83 -2.32004e-08
84 -2.32004e-08
85 -2.32004e-08
86 -2.32004e-08
87 -2.32004e-08
88 -2.32004e-08
89 -2.32004e-08
90 -2.32004e-08
91 -2.32004e-08
92 -2.32004e-08
93 -2.32004e-08
94 -2.32004e-08
95 -2.32004e-08
96 -2.32004e-08
97 -2.32004e-08
98 -2.32004e-08
99 -2.32004e-08
100 -2.32004e-08
101 -2.32004e-08
102 -2.32004e-08
103 -2.32004e-08
104 -1.90241e-08
105 -1.90241e-08
106 -1.90241e-08
107 -1.90241e-08
108 -1.90241e-08
109 -1.90241e-08
110 -1.90241e-08
111 -1.90241e-08
112 -1.90241e-08
113 -1.90241e-08
114 -1.90241e-08
115 -1.90241e-08
116 -1.90241e-08
117 -1.90241e-08
118 -1.90241e-08
119 -1.90241e-08
120 -1.90241e-08
121 -1.90241e-08
122 -1.90241e-08
123 -1.90241e-08
124 -1.90241e-08
125 -1.90241e-08
126 -1.90241e-08
127 -1.90241e-08
128 -1.90241e-08
129 -1.90241e-08
130 -1.90241e-08
131 -1.90241e-08
132 -1.90241e-08
133 -1.90241e-08
134 -1.90241e-08
135 -1.90241e-08
136 -1.90241e-08
137 -1.90241e-08
138 -1.90241e-08
139 -1.90241e-08
140 -1.90241e-08
141 -1.90241e-08
142 -2.14082e-08
143 -2.14082e-08
144 -2.14082e-08
145 -2.14082e-08
146 -2.14082e-08
147 -2.14082e-08
148 -2.14082e-08
149 -2.14082e-08
150 -2.14082e-08
151 -2.14082e-08
152 -2.14082e-08
153 -2.14082e-08
154 -2.14082e-08
155 -2.14082e-08
156 -2.14082e-08
157 -2.14082e-08
158 -2.14082e-08
159 -2.14082e-08
160 -2.14082e-08
161 -2.14082e-08
162 -2.14082e-08
163 -2.14082e-08
164 -2.14082e-08
165 -2.14082e-08
166 -2.14082e-08
167 -2.14082e-08
168 -2.14082e-08
169 -2.14082e-08
170 -2.14082e-08
171 -2.14082e-08
172 -2.14082e-08
173 -2.14082e-08
174 -2.14082e-08
175 -2.14082e-08
176 -2.14082e-08
177 -2.14082e-08
178 -2.14082e-08
179 -2.14082e-08
180 -9.6388e-09
181 -9.6388e-09
182 -9.6388e-09
183 -9.6388e-09
184 -9.6388e-09
185 -9.6388e-09
186 -9.6388e-09
187 -9.6388e-09
188 -9.6388e-09
189 -9.6388e-09
190 -9.6388e-09
191 -9.6388e-09
192 -9.6388e-09
193 -9.6388e-09
194 -9.6388e-09
195 -9.6388e-09
196 -9.6388e-09
197 -9.6388e-09
198 -9.6388e-09
199 -9.6388e-09
200 -9.6388e-09
201 -9.6388e-09
202 -9.6388e-09
203 -9.6388e-09
204 -9.6388e-09
205 -9.6388e-09
206 -9.6388e-09
207 -9.6388e-09
208 -9.6388e-09
209 -9.6388e-09
210 -9.6388e-09
211 -9.6388e-09
212 -9.6388e-09
213 -9.6388e-09
214 -9.6388e-09
215 -9.6388e-09
216 -9.6388e-09
217 -9.6388e-09
218 -9.6388e-09
219 -1.05087e-08
220 -1.05087e-08
221 -1.05087e-08
222 -1.05087e-08
223 -1.05087e-08
224 -1.05087e-08
225 -1.05087e-08
226 -1.05087e-08
227 -1.05087e-08
228 -1.05087e-08
229 -1.05087e-08
230 -1.05087e-08
231 -1.05087e-08
232 -1.05087e-08
233 -1.05087e-08
234 -1.05087e-08
235 -1.05087e-08
236 -1.05087e-08
237 -1.05087e-08
238 -1.05087e-08
239 -1.05087e-08
240 -1.05087e-08
241 -1.05087e-08
242 -1.05087e-08
243 -1.05087e-08
244 -1.05087e-08
245 -1.05087e-08
246 -1.05087e-08
247 -1.05087e-08
248 -1.05087e-08
249 -1.05087e-08
250 -1.05087e-08
251 -1.05087e-08
252 -1.05087e-08
253 -1.05087e-08
254 -1.05087e-08
255 -1.05087e-08
256 -1.05087e-08
257 4.89926e-09
258 4.89926e-09
259 4.89926e-09
260 4.89926e-09
261 4.89926e-09
262 4.89926e-09
263 4.89926e-09
264 4.89926e-09
265 4.89926e-09
266 4.89926e-09
267 4.89926e-09
268 4.89926e-09
269 4.89926e-09
270 4.89926e-09
271 4.89926e-09
272 4.89926e-09
273 4.89926e-09
274 4.89926e-09
275 4.89926e-09
276 4.89926e-09
277 4.89926e-09
278 4.89926e-09
279 4.89926e-09
280 4.89926e-09
281 4.89926e-09
282 4.89926e-09
283 4.89926e-09
284 4.89926e-09
285 4.89926e-09
286 4.89926e-09
287 4.89926e-09
288 4.89926e-09
289 4.89926e-09
290 4.89926e-09
291 4.89926e-09
292 4.89926e-09
293 4.89926e-09
294 4.89926e-09
295 7.73079e-10
296 7.73079e-10
297 7.73079e-10
298 7.73079e-10
299 7.73079e-10
300 7.73079e-10
301 7.73079e-10
302 7.73079e-10
303 7.73079e-10
304 7.73079e-10
305 7.73079e-10
306 7.73079e-10
307 7.73079e-10
308 7.73079e-10
309 7.73079e-10
310 7.73079e-10
311 7.73079e-10
312 7.73079e-10
313 7.73079e-10
314 7.73079e-10
315 7.73079e-10
316 7.73079e-10
317 7.73079e-10
318 7.73079e-10
319 7.73079e-10
320 7.73079e-10
321 7.73079e-10
322 7.73079e-10
323 7.73079e-10
324 7.73079e-10
325 7.73079e-10
326 7.73079e-10
327 7.73079e-10
328 7.73079e-10
329 7.73079e-10
330 7.73079e-10
331 7.73079e-10
332 7.73079e-10
333 1.57829e-08
334 1.57829e-08
335 1.57829e-08
336 1.57829e-08
337 1.57829e-08
338 1.57829e-08
339 1.57829e-08
340 1.57829e-08
341 1.57829e-08
342 1.57829e-08
343 1.57829e-08
344 1.57829e-08
345 1.57829e-08
346 1.57829e-08
347 1.57829e-08
348 1.57829e-08
349 1.57829e-08
350 1.57829e-08
351 1.57829e-08
352 1.57829e-08
353 1.57829e-08
354 1.57829e-08
355 1.57829e-08
356 1.57829e-08
357 1.57829e-08
358 1.57829e-08
359 1.57829e-08
360 1.57829e-08
361 1.57829e-08
362 1.57829e-08
363 1.57829e-08
364 1.57829e-08
365 1.57829e-08
366 1.57829e-08
367 1.57829e-08
368 1.57829e-08
369 1.57829e-08
370 1.57829e-08
371 5.47586e-09
372 5.47586e-09
373 5.47586e-09
374 5.47586e-09
375 5.47586e-09
376 5.47586e-09
377 5.47586e-09
378 5.47586e-09
379 5.47586e-09
380 5.47586e-09
381 5.47586e-09
382 5.47586e-09
383 5.47586e-09
384 5.47586e-09
385 5.47586e-09
386 5.47586e-09
387 5.47586e-09
388 5.47586e-09
389 5.47586e-09
390 5.47586e-09
391 5.47586e-09
392 5.47586e-09
393 5.47586e-09
394 5.47586e-09
395 5.47586e-09
396 5.47586e-09
397 5.47586e-09
398 5.47586e-09
399 5.47586e-09
400 5.47586e-09
401 5.47586e-09
402 5.47586e-09
403 5.47586e-09
404 5.47586e-09
405 5.47586e-09
406 5.47586e-09
407 5.47586e-09
408 5.47586e-09
409 1.81081e-08
410 1.81081e-08
411 1.81081e-08
412 1.81081e-08
413 1.81081e-08
414 1.81081e-08
415 1.81081e-08
416 1.81081e-08
417 1.81081e-08
418 1.81081e-08
419 1.81081e-08
420 1.81081e-08
421 1.81081e-08
422 1.81081e-08
423 1.81081e-08
424 1.81081e-08
425 1.81081e-08
426 1.81081e-08
427 1.81081e-08
428 1.81081e-08
429 1.81081e-08
430 1.81081e-08
431 1.81081e-08
432 1.81081e-08
433 1.81081e-08
434 1.81081e-08
435 1.81081e-08
436 1.81081e-08
437 1.81081e-08
438 1.81081e-08
439 1.81081e-08
440 1.81081e-08
441 1.81081e-08
442 1.81081e-08
443 1.81081e-08
444 1.81081e-08
445 1.81081e-08
446 1.81081e-08
447 1.81081e-08
448 1.96821e-09
449 1.96821e-09
450 1.96821e-09
451 1.96821e-09
452 1.96821e-09
453 1.96821e-09
454 1.96821e-09
455 1.96821e-09
456 1.96821e-09
457 1.96821e-09
458 1.96821e-09
459 1.96821e-09
460 1.96821e-09
461 1.96821e-09
462 1.96821e-09
463 1.96821e-09
464 1.96821e-09
465 1.96821e-09
466 1.96821e-09
467 1.96821e-09
468 1.96821e-09
469 1.96821e-09
470 1.96821e-09
471 1.96821e-09
472 1.96821e-09
473 1.96821e-09
474 1.96821e-09
475 1.96821e-09
476 1.96821e-09
477 1.96821e-09
478 1.96821e-09
479 1.96821e-09
480 1.96821e-09
481 1.96821e-09
482 1.96821e-09
483 1.96821e-09
484 1.96821e-09
485 1.96821e-09
486 1.26988e-08
487 1.26988e-08
488 1.26988e-08
489 1.26988e-08
490 1.26988e-08
491 1.26988e-08
492 1.26988e-08
493 1.26988e-08
494 1.26988e-08
495 1.26988e-08
496 1.26988e-08
497 1.26988e-08
498 1.26988e-08
499 1.26988e-08
500 1.26988e-08
501 1.26988e-08
502 1.26988e-08
503 1.26988e-08
504 1.26988e-08
505 1.26988e-08
506 1.26988e-08
507 1.26988e-08
508 1.26988e-08
509 1.26988e-08
510 1.26988e-08
511 1.26988e-08
512 1.26988e-08
513 1.26988e-08
514 1.26988e-08
515 1.26988e-08
516 1.26988e-08
517 1.26988e-08
518 1.26988e-08
519 1.26988e-08
520 1.26988e-08
521 1.26988e-08
522 1.26988e-08
523 1.26988e-08
524 -6.71305e-09
525 -6.71305e-09
526 -6.71305e-09
527 -6.71305e-09
528 -6.71305e-09
529 -6.71305e-09
530 -6.71305e-09
531 -6.71305e-09
532 -6.71305e-09
533 -6.71305e-09
534 -6.71305e-09
535 -6.71305e-09
536 -6.71305e-09
537 -6.71305e-09
538 -6.71305e-09
539 -6.71305e-09
540 -6.71305e-09
541 -6.71305e-09
542 -6.71305e-09
543 -6.71305e-09
544 -6.71305e-09
545 -6.71305e-09
546 -6.71305e-09
547 -6.71305e-09
548 -6.71305e-09
549 -6.71305e-09
550 -6.71305e-09
551 -6.71305e-09
552 -6.71305e-09
553 -6.71305e-09
554 -6.71305e-09
555 -6.71305e-09
556 -6.71305e-09
557 -6.71305e-09
558 -6.71305e-09
559 -6.71305e-09
560 -6.71305e-09
561 -6.71305e-09
562 4.58522e-09
563 4.58522e-09
564 4.58522e-09
565 4.58522e-09
566 4.58522e-09
567 4.58522e-09
568 4.58522e-09
569 4.58522e-09
570 4.58522e-09
571 4.58522e-09
572 4.58522e-09
573 4.58522e-09
574 4.58522e-09
575 4.58522e-09
576 4.58522e-09
577 4.58522e-09
578 4.58522e-09
579 4.58522e-09
580 4.58522e-09
581 4.58522e-09
582 4.58522e-09
583 4.58522e-09
584 4.58522e-09
585 4.58522e-09
586 4.58522e-09
587 4.58522e-09
588 4.58522e-09
589 4.58522e-09
590 4.58522e-09
591 4.58522e-09
592 4.58522e-09
593 4.58522e-09
594 4.58522e-09
595 4.58522e-09
596 4.58522e-09
597 4.58522e-09
598 4.58522e-09
599 4.58522e-09
600 -1.73732e-08
601 -1.73732e-08
602 -1.73732e-08
603 -1.73732e-08
604 -1.73732e-08
605 -1.73732e-08
606 -1.73732e-08
607 -1.73732e-08
608 -1.73732e-08
609 -1.73732e-08
610 -1.73732e-08
611 -1.73732e-08
612 -1.73732e-08
613 -1.73732e-08
614 -1.73732e-08
615 -1.73732e-08
616 -1.73732e-08
617 -1.73732e-08
618 -1.73732e-08
619 -1.73732e-08
620 -1.73732e-08
621 -1.73732e-08
622 -1.73732e-08
623 -1.73732e-08
624 -1.73732e-08
625 -1.73732e-08
626 -1.73732e-08
627 -1.73732e-08
628 -1.73732e-08
629 -1.73732e-08
630 -1.73732e-08
631 -1.73732e-08
632 -1.73732e-08
633 -1.73732e-08
634 -1.73732e-08
635 -1.73732e-08
636 -1.73732e-08
637 -1.73732e-08
638 3.68703e-09
639 3.68703e-09
640 3.68703e-09
641 3.68703e-09
642 3.68703e-09
643 3.68703e-09
644 3.68703e-09
645 3.68703e-09
646 3.68703e-09
647 3.68703e-09
648 3.68703e-09
649 3.68703e-09
650 3.68703e-09
651 3.68703e-09
652 3.68703e-09
653 3.68703e-09
654 3.68703e-09
655 3.68703e-09
656 3.68703e-09
657 3.68703e-09
658 3.68703e-09
659 3.68703e-09
660 3.68703e-09
661 3.68703e-09
662 3.68703e-09
663 3.68703e-09
664 3.68703e-09
665 3.68703e-09
666 3.68703e-09
667 3.68703e-09
668 3.68703e-09
669 3.68703e-09
670 3.68702e-09
671 3.68702e-09
672 3.68701e-09
673 3.68701e-09
674 3.68699e-09
675 3.68699e-09
676 3.68695e-09
677 -2.82335e-08
678 -2.82336e-08
679 -2.82336e-08
680 -2.82338e-08
681 -2.82338e-08
682 -2.82341e-08
683 -2.82341e-08
684 -2.82348e-08
685 -2.82348e-08
686 -2.82362e-08
687 -2.82362e-08
688 -2.82385e-08
689 -2.82385e-08
690 -2.82423e-08
691 -2.82423e-08
692 -2.82478e-08
693 -2.82478e-08
694 -2.82539e-08
695 -2.82539e-08
696 -2.82567e-08
697 -2.82567e-08
698 -2.82448e-08
699 -2.82448e-08
700 -2.81912e-08
701 -2.81912e-08
702 -2.80388e-08
703 -2.80388e-08
704 -2.7675e-08
705 -2.7675e-08
706 -2.68917e-08
707 -2.68917e-08
708 -2.53235e-08
709 -2.53235e-08
710 -2.23591e-08
711 -2.23591e-08
712 -1.70201e-08
713 -1.70201e-08
714 -7.80438e-09
715 1.57772e-07
716 2.02725e-07
717 2.02725e-07
718 2.70781e-07
719 2.70781e-07
720 3.71171e-07
721 3.71171e-07
722 5.15563e-07
723 5.15563e-07
724 7.18207e-07
725 7.18207e-07
726 9.959e-07
727 9.959e-07
728 1.36773e-06
729 1.36773e-06
730 1.85454e-06
731 1.85454e-06
732 2.47812e-06
733 2.47812e-06
734 3.26014e-06
735 3.26014e-06
736 4.22084e-06
737 4.22084e-06
738 5.37765e-06
739 5.37765e-06
740 6.74372e-06
741 6.74372e-06
742 8.32671e-06
743 8.32671e-06
744 1.01278e-05
745 1.01278e-05
746 1.21412e-05
747 1.21412e-05
748 1.43541e-05
749 1.43541e-05
750 1.67476e-05
751 1.67476e-05
752 1.92973e-05
753 3.92898e-05
754 4.48018e-05
755 4.48018e-05
756 5.05764e-05
757 5.05764e-05
758 5.65616e-05
759 5.65616e-05
760 6.27054e-05
761 6.27054e-05
762 6.8959e-05
763 6.8959e-05
764 7.5279e-05
765 7.5279e-05
766 8.16293e-05
767 8.16293e-05
768 8.79814e-05
769 8.79814e-05
770 9.43128e-05
771 9.43128e-05
772 0.000100604
773 0.000100604
774 0.000106837
775 0.000106837
776 0.000112987
777 0.000112987
778 0.000119027
779 0.000119027
780 0.000124926
781 0.000124926
782 0.000130651
783 0.000130651
784 0.000136182
785 0.000136182
786 0.000141514
787 0.000141514
788 0.00014667
789 0.00014667
790 0.000151705
791 0.000311331
792 0.000321833
793 0.000321833
794 0.0003326
795 0.0003326
796 0.000343818
797 0.000343818
798 0.000355655
799 0.000355655
800 0.000368235
801 0.000368235
802 0.000381636
803 0.000381636
804 0.000395889
805 0.000395889
806 0.000410999
807 0.000410999
808 0.00042697
809 0.00042697
810 0.000443829
811 0.000443829
812 0.000461634
813 0.000461634
814 0.000480481
815 0.000480481
816 0.000500486
817 0.000500486
818 0.000521764
819 0.000521764
820 0.000544417
821 0.000544417
822 0.000568521
823 0.000568521
824 0.000594141
825 0.000594141
826 0.000621351
827 0.000621351
828 0.000650266
829 0.00127918
830 0.00134005
831 0.00134005
832 0.00140506
833 0.00140506
834 0.00147477
835 0.00147477
836 0.00154983
837 0.00154983
838 0.00163089
839 0.00163089
840 0.00171859
841 0.00171859
842 0.00181349
843 0.00181349
844 0.00191613
845 0.00191613
846 0.00202703
847 0.00202703
848 0.00214683
849 0.00214683
850 0.00227632
851 0.00227632
852 0.00241664
853 0.00241664
854 0.00256931
855 0.00256931
856 0.00273634
857 0.00273634
858 0.00292033
859 0.00292033
860 0.00312446
861 0.00312446
862 0.00335259
863 0.00335259
864 0.00360932
865 0.00360932
866 0.00390008
867 0.00690002
868 0.00747706
869 0.00747706
870 0.00813703
871 0.00813703
872 0.00889686
873 0.00889686
874 0.00977789
875 0.00977789
876 0.0108074
877 0.0108074
878 0.0120208
879 0.0120208
880 0.0134649
881 0.0134649
882 0.0152025
883 0.0152025
884 0.0173184
885 0.0173184
886 0.0199312
887 0.0199312
888 0.0231975
889 0.0231975
890 0.0272841
891 0.0272841
892 0.0323178
893 0.0323178
894 0.0383568
895 0.0383568
896 0.0453956
897 0.0453956
898 0.0533786
899 0.0533786
900 0.0622095
901 0.0622095
902 0.0717563
903 0.0717563
904 0.0818562
905 0.187001
906 0.215333
907 0.215333
908 0.244547
909 0.244547
910 0.274093
911 0.274093
912 0.30339
913 0.30339
914 0.331861
915 0.331861
916 0.358959
917 0.358959
918 0.384198
919 0.384198
920 0.407168
921 0.407168
922 0.427513
923 0.427513
924 0.444755
925 0.444755
926 0.45822
927 0.45822
928 0.467508
929 0.467508
930 0.472847
931 0.472847
932 0.474808
933 0.474808
934 0.473941
935 0.473941
936 0.470598
937 0.470598
938 0.464989
939 0.464989
940 0.457288
941 0.457288
942 0.447747
943 0.447747
944 0.467909
945 0.467909
946 0.462622
947 0.462622
948 0.456287
949 0.456287
950 0.449129
951 0.449129
952 0.441437
953 0.441437
954 0.43301
955 0.43301
956 0.424093
957 0.424093
958 0.414975
959 0.414975
960 0.404706
961 0.404706
962 0.391467
963 0.391467
964 0.375305
965 0.375305
966 0.352882
967 0.352882
968 0.34866
969 0.34866
970 0.346068
971 0.346068
972 0.350479
973 0.350479
974 0.348245
975 0.348245
976 0.340951
977 0.340951
978 0.333511
979 0.333511
980 0.328424
981 0.328424
982 0.358655
983 0.358655
984 0.361052
985 0.361052
986 0.363814
987 0.363814
988 0.366188
989 0.366188
990 0.3675
991 0.3675
992 0.368255
993 0.368255
994 0.368728
995 0.368728
996 0.369298
997 0.369298
998 0.369452
999 0.369452
1000 0.369285
1001 0
1002 0
1003 0
1004 0
1005 0
1006 0
1007 0
1008 0
1009 0
1010 0
1011 0
1012 0
1013 0
1014 0
1015 0
1016 0
1017 0
1018 0
1019 0
1020 0
1021 0
1022 0
1023 0
1024 0
1025 0
1026 0
1027 0
1028 0
1029 0
1030 0
1031 0
1032 0
1033 0
1034 0
1035 0
1036 0
1037 0
1038 0
1039 0
1040 0
1041 0
1042 0
1043 0
1044 0
1045 0
1046 0
1047 0
1048 0
1049 0
1050 0
1051 0
1052 0
1053 0
1054 0
1055 0
1056 0
1057 0
1058 0
1059 0
1060 0
1061 0
1062 0
1063 0
1064 0
1065 0
1066 0
1067 0
1068 0
1069 0
1070 0
1071 0
1072 0
1073 0
1074 0
1075 0
1076 0
1077 0
1078 0
1079 0
1080 0
1081 0
1082 0
1083 0
1084 0
1085 0
1086 0
1087 0
1088 0
1089 0
1090 0
1091 0
1092 0
1093 0
1094 0
1095 0
1096 0
1097 0
1098 0
1099 0
1100 0
1101 0
1102 0
1103 0
1104 0
1105 0
1106 0
1107 0
1108 0
1109 0
1110 0
1111 0
1112 0
1113 0
1114 0
1115 0
1116 0
1117 0
1118 0
1119 0
1120 0
1121 0
1122 0
1123 0
1124 0
1125 0
1126 0
1127 0
1128 0
1129 0
1130 0
1131 0
1132 0
1133 0
1134 0
1135 0
1136 0
1137 0
1138 0
1139 0
1140 0
1141 0
1142 0
1143 0
1144 0
1145 0
1146 0
1147 0
1148 0
1149 0
1150 0
1151 0
1152 0
1153 0
1154 0
1155 0
1156 0
1157 0
1158 0
1159 0
1160 0
1161 0
1162 0
1163 0
1164 0
1165 0
1166 0
1167 0
1168 0
1169 0
1170 0
1171 0
1172 0
1173 0
1174 0
1175 0
1176 0
1177 0
1178 0
1179 0
1180 0
1181 0
1182 0
1183 0
1184 0
1185 0
1186 0
1187 0
1188 0
1189 0
1190 0
1191 0
1192 0
1193 0
1194 0
1195 0
1196 0
1197 0
1198 0
1199 0
1200 0
1201 0
1202 0
1203 0
1204 0
1205 0
1206 0
1207 0
1208 0
1209 0
1210 0
1211 0
1212 0
1213 0
1214 0
1215 0
1216 0
1217 0
1218 0
1219 0
1220 0
1221 0
1222 0
1223 0
1224 0
1225 0
1226 0
1227 0
1228 0
1229 0
1230 0
1231 0
1232 0
1233 0
1234 0
1235 0
1236 0
1237 0
1238 0
1239 0
1240 0
1241 0
1242 0
1243 0
1244 0
1245 0
1246 0
1247 0
1248 0
1249 0
1250 0
1251 0
1252 0
1253 0
1254 0
1255 0
1256 0
1257 0
1258 0
1259 0
1260 0
1261 0
1262 0
1263 0
1264 0
1265 0
1266 0
1267 0
1268 0
1269 0
1270 0
1271 0
1272 0
1273 0
1274 0
1275 0
1276 0
1277 0
1278 0
1279 0
1280 0
1281 0
1282 0
1283 0
1284 0
1285 0
1286 0
1287 0
1288 0
1289 0
1290 0
1291 0
1292 0
1293 0
1294 0
1295 0
1296 0
1297 0
1298 0
1299 0
1300 0
1301 0
1302 0
1303 0
1304 0
1305 0
1306 0
1307 0
1308 0
1309 0
1310 0
1311 0
1312 0
1313 0
1314 0
1315 0
1316 0
1317 0
1318 0
1319 0
1320 0
1321 0
1322 0
1323 0
1324 0
1325 0
1326 0
1327 0
1328 0
1329 0
1330 0
1331 0
1332 0
1333 0
1334 0
1335 0
1336 0
1337 0
1338 0
1339 0
1340 0
1341 0
1342 0
1343 0
1344 0
1345 0
1346 0
1347 0
1348 0
1349 0
1350 0
1351 0
1352 0
1353 0
1354 0
1355 0
1356 0
1357 0
1358 0
1359 0
1360 0
1361 0
1362 0
1363 0
1364 0
1365 0
1366 0
1367 0
1368 0
1369 0
1370 0
1371 0
1372 0
1373 0
1374 0
1375 0
1376 0
1377 0
1378 0
1379 0
1380 0
1381 0
1382 0
1383 0
1384 0
1385 0
1386 0
1387 0
1388 0
1389 0
1390 0
1391 0
1392 0
1393 0
1394 0
1395 0
1396 0
1397 0
1398 0
1399 0
1400 0
1401 0
1402 0
1403 0
1404 0
1405 0
1406 0
1407 0
1408 0
1409 0
1410 0
1411 0
1412 0
1413 0
1414 0
1415 0
1416 0
1417 0
1418 0
1419 0
1420 0
1421 0
1422 0
1423 0
1424 0
1425 0
1426 0
1427 0
1428 0
1429 0
1430 0
1431 0
1432 0
1433 0
1434 0
1435 0
1436 0
1437 0
1438 0
1439 0
1440 0
1441 0
1442 0
1443 0
1444 0
1445 0
1446 0
1447 0
1448 0
1449 0
1450 0
1451 0
1452 0
1453 0
1454 0
1455 0
1456 0
1457 0
1458 0
1459 0
1460 0
1461 0
1462 0
1463 0
1464 0
1465 0
1466 0
1467 0
1468 0
1469 0
1470 0
1471 0
1472 0
1473 0
1474 0
1475 0
1476 0
1477 0
1478 0
1479 0
1480 0
1481 0
1482 0
1483 0
1484 0
1485 0
1486 0
1487 0
1488 0
1489 0
1490 0
1491 0
1492 0
1493 0
1494 0
1495 0
1496 0
1497 0
1498 0
1499 0
1500 0
1501 0
1502 0
1503 0
1504 0
1505 0
1506 0
1507 0
1508 0
1509 0
1510 0
1511 0
1512 0
1513 0
1514 0
1515 0
1516 0
1517 0
1518 0
1519 0
1520 0
1521 0
1522 0
1523 0
1524 0
1525 0
1526 0
1527 0
1528 0
1529 0
1530 0
1531 0
1532 0
1533 0
1534 0
1535 0
1536 0
1537 0
1538 0
1539 0
1540 0
1541 0
1542 0
1543 0
1544 0
1545 0
1546 0
1547 0
1548 0
1549 0
1550 0
1551 0
1552 0
1553 0
1554 0
1555 0
1556 0
1557 0
1558 0
1559 0
1560 0
1561 0
1562 0
1563 0
1564 0
1565 0
1566 0
1567 0
1568 0
1569 0
1570 0
1571 0
1572 0
1573 0
1574 0
1575 0
1576 0
1577 0
1578 0
1579 0
1580 0
1581 0
1582 0
1583 0
1584 0
1585 0
1586 0
1587 0
1588 0
1589 0
1590 0
1591 0
1592 0
1593 0
1594 0
1595 0
1596 0
1597 0
1598 0
1599 0
1600 0
1601 0
1602 0
1603 0
1604 0
1605 0
1606 0
1607 0
1608 0
1609 0
1610 0
1611 0
1612 0
1613 0
1614 0
1615 0
1616 0
1617 0
1618 0
1619 0
1620 0
1621 0
1622 0
1623 0
1624 0
1625 0
1626 0
1627 0
1628 0
1629 0
1630 0
1631 0
1632 0
1633 0
1634 0
1635 0
1636 0
1637 0
1638 0
1639 0
1640 0
1641 0
1642 0
1643 0
1644 0
1645 0
1646 0
1647 0
1648 0
1649 0
1650 0
1651 0
1652 0
1653 0
1654 0
1655 0
1656 0
1657 0
1658 0
1659 0
1660 0
1661 0
1662 0
1663 0
1664 0
1665 0
1666 0
1667 0
1668 0
1669 0
1670 0
1671 0
1672 0
1673 0
1674 0
1675 0
1676 0
1677 0
1678 0
1679 0
1680 0
1681 0
1682 0
1683 0
1684 0
1685 0
1686 0
1687 0
1688 0
1689 0
1690 0
1691 0
1692 0
1693 0
1694 0
1695 0
1696 0
1697 0
1698 0
1699 0
1700 0
1701 0
1702 0
1703 0
1704 0
1705 0
1706 0
1707 0
1708 0
1709 0
1710 0
1711 0
1712 0
1713 0
1714 0
1715 0
1716 0
1717 0
1718 0
1719 0
1720 0
1721 0
1722 0
1723 0
1724 0
1725 0
1726 0
1727 0
1728 0
1729 0
1730 0
1731 0
1732 0
1733 0
1734 0
1735 0
1736 0
1737 0
1738 0
1739 0
1740 0
1741 0
1742 0
1743 0
1744 0
1745 0
1746 0
1747 0
1748 0
1749 0
1750 0
1751 0
1752 0
1753 0
1754 0
1755 0
1756 0
1757 0
1758 0
1759 0
1760 0
1761 0
1762 0
1763 0
1764 0
1765 0
1766 0
1767 0
1768 0
1769 0
1770 0
1771 0
1772 0
1773 0
1774 0
1775 0
1776 0
1777 0
1778 0
1779 0
1780 0
1781 0
1782 0
1783 0
1784 0
1785 0
1786 0
1787 0
1788 0
1789 0
1790 0
1791 0
1792 0
1793 0
1794 0
1795 0
1796 0
1797 0
1798 0
1799 0
1800 0
1801 0
1802 0
1803 0
1804 0
1805 0
1806 0
1807 0
1808 0
1809 0
1810 0
1811 0
1812 0
1813 0
1814 0
1815 0
1816 0
1817 0
1818 0
1819 0
1820 0
1821 0
1822 0
1823 0
1824 0
1825 0
1826 0
1827 0
1828 0
1829 0
1830 0
1831 0
1832 0
1833 0
1834 0
1835 0
1836 0
1837 0
1838 0
1839 0
1840 0
1841 0
1842 0
1843 0
1844 0
1845 0
1846 0
1847 0
1848 0
1849 0
1850 0
1851 0
1852 0
1853 0
1854 0
1855 0
1856 0
1857 0
1858 0
1859 0
1860 0
1861 0
1862 0
1863 0
1864 0
1865 0
1866 0
1867 0
1868 0
1869 0
1870 0
1871 0
1872 0
1873 0
1874 0
1875 0
1876 0
1877 0
1878 0
1879 0
1880 0
1881 0
1882 0
1883 0
1884 0
1885 0
1886 0
1887 0
1888 0
1889 0
1890 0
1891 0
1892 0
1893 0
1894 0
1895 0
1896 0
1897 0
1898 0
1899 0
1900 0
1901 0
1902 0
1903 0
1904 0
1905 0
1906 0
1907 0
1908 0
1909 0
1910 0
1911 0
1912 0
1913 0
1914 0
1915 0
1916 0
1917 0
1918 0
1919 0
1920 0
1921 0
1922 0
1923 0
1924 0
1925 0
1926 0
1927 0
1928 0
1929 0
1930 0
1931 0
1932 0
1933 0
1934 0
1935 0
1936 0
1937 0
1938 0
1939 0
1940 0
1941 0
1942 0
1943 0
1944 0
1945 0
1946 0
1947 0
1948 0
1949 0
1950 0
1951 0
1952 0
1953 0
1954 0
1955 0
1956 0
1957 0
1958 0
1959 0
1960 0
1961 0
1962 0
1963 0
1964 0
1965 0
1966 0
1967 0
1968 0
1969 0
1970 0
1971 0
1972 0
1973 0
1974 0
1975 0
1976 0
1977 0
1978 0
1979 0
1980 0
1981 0
1982 0
1983 0
1984 0
1985 0
1986 0
1987 0
1988 0
1989 0
1990 0
1991 0
1992 0
1993 0
1994 0
1995 0
1996 0
1997 0
1998 0
1999 0
2000 0
