0 -3.25441e-06
1 -3.25441e-06
2 -3.25441e-06
3 -3.25441e-06
4 -3.25441e-06
5 -3.25441e-06
6 -3.25441e-06
7 -3.25441e-06
8 -3.25441e-06
9 -3.25441e-06
10 -3.25441e-06
11 -3.25441e-06
12 -3.25441e-06
13 -3.25441e-06
14 -3.25441e-06
15 -3.25441e-06
16 -3.25441e-06
17 -3.25441e-06
18 -3.25441e-06
19 -3.25441e-06
20 -3.25441e-06
21 -3.25441e-06
22 -3.25441e-06
23 -3.25441e-06
24 -3.25441e-06
25 -3.25441e-06
26 -3.25441e-06
27 -3.25441e-06
28 -2.28079e-06
29 -2.28079e-06
30 -2.28079e-06
31 -2.28079e-06
32 -2.28079e-06
33 -2.28079e-06
34 -2.28079e-06
35 -2.28079e-06
36 -2.28079e-06
37 -2.28079e-06
38 -2.28079e-06
39 -2.28079e-06
40 -2.28079e-06
41 -2.28079e-06
42 -2.28079e-06
43 -2.28079e-06
44 -2.28079e-06
45 -2.28079e-06
46 -2.28079e-06
47 -2.28079e-06
48 -2.28079e-06
49 -2.28079e-06
50 -2.28079e-06
51 -2.28079e-06
52 -2.28079e-06
53 -2.28079e-06
54 -2.28079e-06
55 -2.28079e-06
56 -2.28079e-06
57 -2.28079e-06
58 -2.28079e-06
59 -2.28079e-06
60 -2.28079e-06
61 -2.28079e-06
62 -2.28079e-06
63 -2.28079e-06
64 -2.28079e-06
65 -2.28079e-06
66 -1.04784e-06
67 -1.04784e-06
68 -1.04784e-06
69 -1.04784e-06
70 -1.04784e-06
71 -1.04784e-06
72 -1.04784e-06
73 -1.04784e-06
74 -1.04784e-06
75 -1.04784e-06
76 -1.04784e-06
77 -1.04784e-06
78 -1.04784e-06
79 -1.04784e-06
80 -1.04784e-06
81 -1.04784e-06
82 -1.04784e-06
83 -1.04784e-06
84 -1.04784e-06
85 -1.04784e-06
86 -1.04784e-06
87 -1.04784e-06
88 -1.04784e-06
89 -1.04784e-06
90 -1.04784e-06
91 -1.04784e-06
92 -1.04784e-06
93 -1.04784e-06
94 -1.04784e-06
95 -1.04784e-06
96 -1.04784e-06
97 -1.04784e-06
98 -1.04784e-06
99 -1.04784e-06
100 -1.04784e-06
101 -1.04784e-06
102 -1.04784e-06
103 -1.04784e-06
104 2.12612e-07
105 2.12612e-07
106 2.12612e-07
107 2.12612e-07
108 2.12612e-07
109 2.12612e-07
110 2.12612e-07
111 2.12612e-07
112 2.12612e-07
113 2.12612e-07
114 2.12612e-07
115 2.12612e-07
116 2.12612e-07
117 2.12612e-07
118 2.12612e-07
119 2.12612e-07
120 2.12612e-07
121 2.12612e-07
122 2.12612e-07
123 2.12612e-07
124 2.12612e-07
125 2.12612e-07
126 2.12612e-07
127 2.12612e-07
128 2.12612e-07
129 2.12612e-07
130 2.12612e-07
131 2.12612e-07
132 2.12612e-07
133 2.12612e-07
134 2.12612e-07
135 2.12612e-07
136 2.12612e-07
137 2.12612e-07
138 2.12612e-07
139 2.12612e-07
140 2.12612e-07
141 2.12612e-07
142 1.29718e-06
143 1.29718e-06
144 1.29718e-06
145 1.29718e-06
146 1.29718e-06
147 1.29718e-06
148 1.29718e-06
149 1.29718e-06
150 1.29718e-06
151 1.29718e-06
152 1.29718e-06
153 1.29718e-06
154 1.29718e-06
155 1.29718e-06
156 1.29718e-06
157 1.29718e-06
158 1.29718e-06
159 1.29718e-06
160 1.29718e-06
161 1.29718e-06
162 1.29718e-06
163 1.29718e-06
164 1.29718e-06
165 1.29718e-06
166 1.29718e-06
167 1.29718e-06
168 1.29718e-06
169 1.29718e-06
170 1.29718e-06
171 1.29718e-06
172 1.29718e-06
173 1.29718e-06
174 1.29718e-06
175 1.29718e-06
176 1.29718e-06
177 1.29718e-06
178 1.29718e-06
179 1.29718e-06
180 2.04661e-06
181 2.04661e-06
182 2.04661e-06
183 2.04661e-06
184 2.04661e-06
185 2.04661e-06
186 2.04661e-06
187 2.04661e-06
188 2.04661e-06
189 2.04661e-06
190 2.04661e-06
191 2.04661e-06
192 2.04661e-06
193 2.04661e-06
194 2.04661e-06
195 2.04661e-06
196 2.04661e-06
197 2.04661e-06
198 2.04661e-06
199 2.04661e-06
200 2.04661e-06
201 2.04661e-06
202 2.04661e-06
203 2.04661e-06
204 2.04661e-06
205 2.04661e-06
206 2.04661e-06
207 2.04661e-06
208 2.04661e-06
209 2.04661e-06
210 2.04661e-06
211 2.04661e-06
212 2.04661e-06
213 2.04661e-06
214 2.04661e-06
215 2.04661e-06
216 2.04661e-06
217 2.04661e-06
218 2.04661e-06
219 2.38673e-06
220 2.38673e-06
221 2.38673e-06
222 2.38673e-06
223 2.38673e-06
224 2.38673e-06
225 2.38673e-06
226 2.38673e-06
227 2.38673e-06
228 2.38673e-06
229 2.38673e-06
230 2.38673e-06
231 2.38673e-06
232 2.38673e-06
233 2.38673e-06
234 2.38673e-06
235 2.38673e-06
236 2.38673e-06
237 2.38673e-06
238 2.38673e-06
239 2.38673e-06
240 2.38673e-06
241 2.38673e-06
242 2.38673e-06
243 2.38673e-06
244 2.38673e-06
245 2.38673e-06
246 2.38673e-06
247 2.38673e-06
248 2.38673e-06
249 2.38673e-06
250 2.38673e-06
251 2.38673e-06
252 2.38673e-06
253 2.38673e-06
254 2.38673e-06
255 2.38673e-06
256 2.38673e-06
257 2.30007e-06
258 2.30007e-06
259 2.30007e-06
260 2.30007e-06
261 2.30007e-06
262 2.30007e-06
263 2.30007e-06
264 2.30007e-06
265 2.30007e-06
266 2.30007e-06
267 2.30007e-06
268 2.30007e-06
269 2.30007e-06
270 2.30007e-06
271 2.30007e-06
272 2.30007e-06
273 2.30007e-06
274 2.30007e-06
275 2.30007e-06
276 2.30007e-06
277 2.30007e-06
278 2.30007e-06
279 2.30007e-06
280 2.30007e-06
281 2.30007e-06
282 2.30007e-06
283 2.30007e-06
284 2.30007e-06
285 2.30007e-06
286 2.30007e-06
287 2.30007e-06
288 2.30007e-06
289 2.30007e-06
290 2.30007e-06
291 2.30007e-06
292 2.30007e-06
293 2.30007e-06
294 2.30007e-06
295 1.86491e-06
296 1.86491e-06
297 1.86491e-06
298 1.86491e-06
299 1.86491e-06
300 1.86491e-06
301 1.86491e-06
302 1.86491e-06
303 1.86491e-06
304 1.86491e-06
305 1.86491e-06
306 1.86491e-06
307 1.86491e-06
308 1.86491e-06
309 1.86491e-06
310 1.86491e-06
311 1.86491e-06
312 1.86491e-06
313 1.86491e-06
314 1.86491e-06
315 1.86491e-06
316 1.86491e-06
317 1.86491e-06
318 1.86491e-06
319 1.86491e-06
320 1.86491e-06
321 1.86491e-06
322 1.86491e-06
323 1.86491e-06
324 1.86491e-06
325 1.86491e-06
326 1.86491e-06
327 1.86491e-06
328 1.86491e-06
329 1.86491e-06
330 1.86491e-06
331 1.86491e-06
332 1.86491e-06
333 1.17086e-06
334 1.17086e-06
335 1.17086e-06
336 1.17086e-06
337 1.17086e-06
338 1.17086e-06
339 1.17086e-06
340 1.17086e-06
341 1.17086e-06
342 1.17086e-06
343 1.17086e-06
344 1.17086e-06
345 1.17086e-06
346 1.17086e-06
347 1.17086e-06
348 1.17086e-06
349 1.17086e-06
350 1.17086e-06
351 1.17086e-06
352 1.17086e-06
353 1.17086e-06
354 1.17086e-06
355 1.17086e-06
356 1.17086e-06
357 1.17086e-06
358 1.17086e-06
359 1.17086e-06
360 1.17086e-06
361 1.17086e-06
362 1.17086e-06
363 1.17086e-06
364 1.17086e-06
365 1.17086e-06
366 1.17086e-06
367 1.17086e-06
368 1.17086e-06
369 1.17086e-06
370 1.17086e-06
371 3.85774e-07
372 3.85774e-07
373 3.85774e-07
374 3.85774e-07
375 3.85774e-07
376 3.85774e-07
377 3.85774e-07
378 3.85774e-07
379 3.85774e-07
380 3.85774e-07
381 3.85774e-07
382 3.85774e-07
383 3.85774e-07
384 3.85774e-07
385 3.85774e-07
386 3.85774e-07
387 3.85774e-07
388 3.85774e-07
389 3.85774e-07
390 3.85774e-07
391 3.85774e-07
392 3.85774e-07
393 3.85774e-07
394 3.85774e-07
395 3.85774e-07
396 3.85774e-07
397 3.85774e-07
398 3.85774e-07
399 3.85774e-07
400 3.85774e-07
401 3.85774e-07
402 3.85774e-07
403 3.85774e-07
404 3.85774e-07
405 3.85774e-07
406 3.85774e-07
407 3.85774e-07
408 3.85774e-07
409 -3.91064e-07
410 -3.91064e-07
411 -3.91064e-07
412 -3.91064e-07
413 -3.91064e-07
414 -3.91064e-07
415 -3.91064e-07
416 -3.91064e-07
417 -3.91064e-07
418 -3.91064e-07
419 -3.91064e-07
420 -3.91064e-07
421 -3.91064e-07
422 -3.91064e-07
423 -3.91064e-07
424 -3.91064e-07
425 -3.91064e-07
426 -3.91064e-07
427 -3.91064e-07
428 -3.91064e-07
429 -3.91064e-07
430 -3.91064e-07
431 -3.91064e-07
432 -3.91064e-07
433 -3.91064e-07
434 -3.91064e-07
435 -3.91064e-07
436 -3.91064e-07
437 -3.91064e-07
438 -3.91064e-07
439 -3.91064e-07
440 -3.91064e-07
441 -3.91064e-07
442 -3.91064e-07
443 -3.91064e-07
444 -3.91064e-07
445 -3.91064e-07
446 -3.91064e-07
447 -3.91064e-07
448 -9.92173e-07
449 -9.92173e-07
450 -9.92173e-07
451 -9.92173e-07
452 -9.92173e-07
453 -9.92173e-07
454 -9.92173e-07
455 -9.92173e-07
456 -9.92173e-07
457 -9.92173e-07
458 -9.92173e-07
459 -9.92173e-07
460 -9.92173e-07
461 -9.92173e-07
462 -9.92173e-07
463 -9.92173e-07
464 -9.92173e-07
465 -9.92173e-07
466 -9.92173e-07
467 -9.92173e-07
468 -9.92173e-07
469 -9.92173e-07
470 -9.92173e-07
471 -9.92173e-07
472 -9.92173e-07
473 -9.92173e-07
474 -9.92173e-07
475 -9.92173e-07
476 -9.92173e-07
477 -9.92173e-07
478 -9.92173e-07
479 -9.92173e-07
480 -9.92173e-07
481 -9.92173e-07
482 -9.92173e-07
483 -9.92173e-07
484 -9.92173e-07
485 -9.92173e-07
486 -1.39996e-06
487 -1.39996e-06
488 -1.39996e-06
489 -1.39996e-06
490 -1.39996e-06
491 -1.39996e-06
492 -1.39996e-06
493 -1.39996e-06
494 -1.39996e-06
495 -1.39996e-06
496 -1.39996e-06
497 -1.39996e-06
498 -1.39996e-06
499 -1.39996e-06
500 -1.39996e-06
501 -1.39996e-06
502 -1.39996e-06
503 -1.39996e-06
504 -1.39996e-06
505 -1.39996e-06
506 -1.39996e-06
507 -1.39996e-06
508 -1.39996e-06
509 -1.39996e-06
510 -1.39996e-06
511 -1.39996e-06
512 -1.39996e-06
513 -1.39996e-06
514 -1.39996e-06
515 -1.39996e-06
516 -1.39996e-06
517 -1.39996e-06
518 -1.39996e-06
519 -1.39996e-06
520 -1.39996e-06
521 -1.39996e-06
522 -1.39996e-06
523 -1.39996e-06
524 -1.50132e-06
525 -1.50132e-06
526 -1.50132e-06
527 -1.50132e-06
528 -1.50132e-06
529 -1.50132e-06
530 -1.50132e-06
531 -1.50132e-06
532 -1.50132e-06
533 -1.50132e-06
534 -1.50132e-06
535 -1.50132e-06
536 -1.50132e-06
537 -1.50132e-06
538 -1.50132e-06
539 -1.50132e-06
540 -1.50132e-06
541 -1.50132e-06
542 -1.50132e-06
543 -1.50132e-06
544 -1.50132e-06
545 -1.50132e-06
546 -1.50132e-06
547 -1.50132e-06
548 -1.50132e-06
549 -1.50132e-06
550 -1.50132e-06
551 -1.50132e-06
552 -1.50132e-06
553 -1.50132e-06
554 -1.50132e-06
555 -1.50132e-06
556 -1.50132e-06
557 -1.50132e-06
558 -1.50132e-06
559 -1.50132e-06
560 -1.50132e-06
561 -1.50132e-06
562 -1.38826e-06
563 -1.38826e-06
564 -1.38826e-06
565 -1.38826e-06
566 -1.38826e-06
567 -1.38826e-06
568 -1.38826e-06
569 -1.38826e-06
570 -1.38826e-06
571 -1.38826e-06
572 -1.38826e-06
573 -1.38826e-06
574 -1.38826e-06
575 -1.38826e-06
576 -1.38826e-06
577 -1.38826e-06
578 -1.38826e-06
579 -1.38826e-06
580 -1.38826e-06
581 -1.38826e-06
582 -1.38826e-06
583 -1.38826e-06
584 -1.38826e-06
585 -1.38826e-06
586 -1.38826e-06
587 -1.38826e-06
588 -1.38826e-06
589 -1.38826e-06
590 -1.38826e-06
591 -1.38826e-06
592 -1.38826e-06
593 -1.38826e-06
594 -1.38826e-06
595 -1.38826e-06
596 -1.38826e-06
597 -1.38826e-06
598 -1.38826e-06
599 -1.38826e-06
600 -9.78132e-07
601 -9.78132e-07
602 -9.78132e-07
603 -9.78132e-07
604 -9.78132e-07
605 -9.78132e-07
606 -9.78132e-07
607 -9.78132e-07
608 -9.78132e-07
609 -9.78132e-07
610 -9.78132e-07
611 -9.78132e-07
612 -9.78132e-07
613 -9.78132e-07
614 -9.78132e-07
615 -9.78132e-07
616 -9.78132e-07
617 -9.78132e-07
618 -9.78132e-07
619 -9.78132e-07
620 -9.78132e-07
621 -9.78132e-07
622 -9.78132e-07
623 -9.78132e-07
624 -9.78132e-07
625 -9.78132e-07
626 -9.78132e-07
627 -9.78132e-07
628 -9.78132e-07
629 -9.78132e-07
630 -9.78132e-07
631 -9.78132e-07
632 -9.78132e-07
633 -9.78132e-07
634 -9.78132e-07
635 -9.78132e-07
636 -9.78132e-07
637 -9.78132e-07
638 -4.22905e-07
639 -4.22905e-07
640 -4.22905e-07
641 -4.22905e-07
642 -4.22905e-07
643 -4.22905e-07
644 -4.22905e-07
645 -4.22905e-07
646 -4.22905e-07
647 -4.22905e-07
648 -4.22905e-07
649 -4.22905e-07
650 -4.22905e-07
651 -4.22905e-07
652 -4.22905e-07
653 -4.22905e-07
654 -4.22905e-07
655 -4.22905e-07
656 -4.22905e-07
657 -4.22905e-07
658 -4.22905e-07
659 -4.22905e-07
660 -4.22905e-07
661 -4.22905e-07
662 -4.22905e-07
663 -4.22905e-07
664 -4.22905e-07
665 -4.22905e-07
666 -4.22905e-07
667 -4.22905e-07
668 -4.22905e-07
669 -4.22905e-07
670 -4.22905e-07
671 -4.22905e-07
672 -4.22905e-07
673 -4.22905e-07
674 -4.22905e-07
675 -4.22905e-07
676 -4.22905e-07
677 4.40824e-07
678 4.40824e-07
679 4.40824e-07
680 4.40824e-07
681 4.40824e-07
682 4.40824e-07
683 4.40824e-07
684 4.40824e-07
685 4.40824e-07
686 4.40824e-07
687 4.40824e-07
688 4.40824e-07
689 4.40824e-07
690 4.40824e-07
691 4.40824e-07
692 4.40824e-07
693 4.40824e-07
694 4.40824e-07
695 4.40824e-07
696 4.40824e-07
697 4.40824e-07
698 4.40824e-07
699 4.40824e-07
700 4.40824e-07
701 4.40824e-07
702 4.40824e-07
703 4.40824e-07
704 4.40824e-07
705 4.40824e-07
706 4.40824e-07
707 4.40824e-07
708 4.40824e-07
709 4.40824e-07
710 4.40824e-07
711 4.40824e-07
712 4.40824e-07
713 4.40824e-07
714 4.40824e-07
715 1.39111e-06
716 1.39111e-06
717 1.39111e-06
718 1.39111e-06
719 1.39111e-06
720 1.39111e-06
721 1.39111e-06
722 1.39111e-06
723 1.39111e-06
724 1.39111e-06
725 1.39111e-06
726 1.39111e-06
727 1.39111e-06
728 1.39111e-06
729 1.39111e-06
730 1.39111e-06
731 1.39111e-06
732 1.39111e-06
733 1.39111e-06
734 1.39111e-06
735 1.39111e-06
736 1.39111e-06
737 1.39111e-06
738 1.39111e-06
739 1.39111e-06
740 1.39111e-06
741 1.39111e-06
742 1.39111e-06
743 1.39111e-06
744 1.39111e-06
745 1.39111e-06
746 1.39111e-06
747 1.39111e-06
748 1.39111e-06
749 1.39111e-06
750 1.39111e-06
751 1.39111e-06
752 1.39111e-06
753 2.83768e-06
754 2.83768e-06
755 2.83768e-06
756 2.83768e-06
757 2.83768e-06
758 2.83768e-06
759 2.83768e-06
760 2.83768e-06
761 2.83768e-06
762 2.83768e-06
763 2.83768e-06
764 2.83768e-06
765 2.83768e-06
766 2.83768e-06
767 2.83768e-06
768 2.83768e-06
769 2.83768e-06
770 2.83768e-06
771 2.83768e-06
772 2.83768e-06
773 2.83768e-06
774 2.83768e-06
775 2.83768e-06
776 2.83768e-06
777 2.83768e-06
778 2.83768e-06
779 2.83768e-06
780 2.83768e-06
781 2.83768e-06
782 2.83768e-06
783 2.83768e-06
784 2.83768e-06
785 2.83768e-06
786 2.83768e-06
787 2.83768e-06
788 2.83768e-06
789 2.83768e-06
790 2.83768e-06
791 3.98944e-06
792 3.98944e-06
793 3.98944e-06
794 3.98944e-06
795 3.98944e-06
796 3.98944e-06
797 3.98944e-06
798 3.98944e-06
799 3.98944e-06
800 3.98944e-06
801 3.98944e-06
802 3.98944e-06
803 3.98944e-06
804 3.98944e-06
805 3.98944e-06
806 3.98944e-06
807 3.98944e-06
808 3.98944e-06
809 3.98944e-06
810 3.98944e-06
811 3.98944e-06
812 3.98944e-06
813 3.98944e-06
814 3.98944e-06
815 3.98944e-06
816 3.98944e-06
817 3.98944e-06
818 3.98946e-06
819 3.98946e-06
820 3.98954e-06
821 3.98954e-06
822 3.98983e-06
823 3.98983e-06
824 3.99073e-06
825 3.99073e-06
826 3.9933e-06
827 3.9933e-06
828 4.00006e-06
829 7.0239e-06
830 7.07253e-06
831 7.07253e-06
832 7.17615e-06
833 7.17615e-06
834 7.38478e-06
835 7.38478e-06
836 7.78186e-06
837 7.78186e-06
838 8.49684e-06
839 8.49684e-06
840 9.7156e-06
841 9.7156e-06
842 1.16842e-05
843 1.16842e-05
844 1.4701e-05
845 1.4701e-05
846 1.90953e-05
847 1.90953e-05
848 2.51957e-05
849 2.51957e-05
850 3.32977e-05
851 3.32977e-05
852 4.36476e-05
853 4.36476e-05
854 5.64527e-05
855 5.64527e-05
856 7.19237e-05
857 7.19237e-05
858 9.03315e-05
859 9.03315e-05
860 0.000112049
861 0.000112049
862 0.000137542
863 0.000137542
864 0.000167282
865 0.000167282
866 0.000201596
867 0.000391238
868 0.000466844
869 0.000466844
870 0.000550362
871 0.000550362
872 0.000640415
873 0.000640415
874 0.000735157
875 0.000735157
876 0.000832672
877 0.000832672
878 0.000931476
879 0.000931476
880 0.00103098
881 0.00103098
882 0.0011318
883 0.0011318
884 0.00123571
885 0.00123571
886 0.0013453
887 0.0013453
888 0.00146331
889 0.00146331
890 0.00159185
891 0.00159185
892 0.0017318
893 0.0017318
894 0.0018827
895 0.0018827
896 0.00204334
897 0.00204334
898 0.00221287
899 0.00221287
900 0.00239219
901 0.00239219
902 0.0025848
903 0.0025848
904 0.00279687
905 0.00493413
906 0.00535623
907 0.00535623
908 0.0058399
909 0.0058399
910 0.00639805
911 0.00639805
912 0.00704349
913 0.00704349
914 0.00779148
915 0.00779148
916 0.00866461
917 0.00866461
918 0.00969929
919 0.00969929
920 0.0109527
921 0.0109527
922 0.0125098
923 0.0125098
924 0.0144908
925 0.0144908
926 0.0170508
927 0.0170508
928 0.0203494
929 0.0203494
930 0.0245024
931 0.0245024
932 0.0295538
933 0.0295538
934 0.0354789
935 0.0354789
936 0.0421985
937 0.0421985
938 0.0495938
939 0.0495938
940 0.0575153
941 0.0575153
942 0.0657923
943 0.0657923
944 0.175478
945 0.175478
946 0.19879
947 0.19879
948 0.221992
949 0.221992
950 0.244606
951 0.244606
952 0.266186
953 0.266186
954 0.286357
955 0.286357
956 0.304839
957 0.304839
958 0.321449
959 0.321449
960 0.336075
961 0.336075
962 0.348524
963 0.348524
964 0.358403
965 0.358403
966 0.365437
967 0.365437
968 0.369744
969 0.369744
970 0.371668
971 0.371668
972 0.37156
973 0.37156
974 0.369694
975 0.369694
976 0.366295
977 0.366295
978 0.361587
979 0.361587
980 0.355812
981 0.355812
982 0.378373
983 0.378373
984 0.377236
985 0.377236
986 0.375656
987 0.375656
988 0.373879
989 0.373879
990 0.372086
991 0.372086
992 0.37023
993 0.37023
994 0.368629
995 0.368629
996 0.367857
997 0.367857
998 0.367497
999 0.367497
1000 0.367269
1001 0
1002 0
1003 0
1004 0
1005 0
1006 0
1007 0
1008 0
1009 0
1010 0
1011 0
1012 0
1013 0
1014 0
1015 0
1016 0
1017 0
1018 0
1019 0
1020 0
1021 0
1022 0
1023 0
1024 0
1025 0
1026 0
1027 0
1028 0
1029 0
1030 0
1031 0
1032 0
1033 0
1034 0
1035 0
1036 0
1037 0
1038 0
1039 0
1040 0
1041 0
1042 0
1043 0
1044 0
1045 0
1046 0
1047 0
1048 0
1049 0
1050 0
1051 0
1052 0
1053 0
1054 0
1055 0
1056 0
1057 0
1058 0
1059 0
1060 0
1061 0
1062 0
1063 0
1064 0
1065 0
1066 0
1067 0
1068 0
1069 0
1070 0
1071 0
1072 0
1073 0
1074 0
1075 0
1076 0
1077 0
1078 0
1079 0
1080 0
1081 0
1082 0
1083 0
1084 0
1085 0
1086 0
1087 0
1088 0
1089 0
1090 0
1091 0
1092 0
1093 0
1094 0
1095 0
1096 0
1097 0
1098 0
1099 0
1100 0
1101 0
1102 0
1103 0
1104 0
1105 0
1106 0
1107 0
1108 0
1109 0
1110 0
1111 0
1112 0
1113 0
1114 0
1115 0
1116 0
1117 0
1118 0
1119 0
1120 0
1121 0
1122 0
1123 0
1124 0
1125 0
1126 0
1127 0
1128 0
1129 0
1130 0
1131 0
1132 0
1133 0
1134 0
1135 0
1136 0
1137 0
1138 0
1139 0
1140 0
1141 0
1142 0
1143 0
1144 0
1145 0
1146 0
1147 0
1148 0
1149 0
1150 0
1151 0
1152 0
1153 0
1154 0
1155 0
1156 0
1157 0
1158 0
1159 0
1160 0
1161 0
1162 0
1163 0
1164 0
1165 0
1166 0
1167 0
1168 0
1169 0
1170 0
1171 0
1172 0
1173 0
1174 0
1175 0
1176 0
1177 0
1178 0
1179 0
1180 0
1181 0
1182 0
1183 0
1184 0
1185 0
1186 0
1187 0
1188 0
1189 0
1190 0
1191 0
1192 0
1193 0
1194 0
1195 0
1196 0
1197 0
1198 0
1199 0
1200 0
1201 0
1202 0
1203 0
1204 0
1205 0
1206 0
1207 0
1208 0
1209 0
1210 0
1211 0
1212 0
1213 0
1214 0
1215 0
1216 0
1217 0
1218 0
1219 0
1220 0
1221 0
1222 0
1223 0
1224 0
1225 0
1226 0
1227 0
1228 0
1229 0
1230 0
1231 0
1232 0
1233 0
1234 0
1235 0
1236 0
1237 0
1238 0
1239 0
1240 0
1241 0
1242 0
1243 0
1244 0
1245 0
1246 0
1247 0
1248 0
1249 0
1250 0
1251 0
1252 0
1253 0
1254 0
1255 0
1256 0
1257 0
1258 0
1259 0
1260 0
1261 0
1262 0
1263 0
1264 0
1265 0
1266 0
1267 0
1268 0
1269 0
1270 0
1271 0
1272 0
1273 0
1274 0
1275 0
1276 0
1277 0
1278 0
1279 0
1280 0
1281 0
1282 0
1283 0
1284 0
1285 0
1286 0
1287 0
1288 0
1289 0
1290 0
1291 0
1292 0
1293 0
1294 0
1295 0
1296 0
1297 0
1298 0
1299 0
1300 0
1301 0
1302 0
1303 0
1304 0
1305 0
1306 0
1307 0
1308 0
1309 0
1310 0
1311 0
1312 0
1313 0
1314 0
1315 0
1316 0
1317 0
1318 0
1319 0
1320 0
1321 0
1322 0
1323 0
1324 0
1325 0
1326 0
1327 0
1328 0
1329 0
1330 0
1331 0
1332 0
1333 0
1334 0
1335 0
1336 0
1337 0
1338 0
1339 0
1340 0
1341 0
1342 0
1343 0
1344 0
1345 0
1346 0
1347 0
1348 0
1349 0
1350 0
1351 0
1352 0
1353 0
1354 0
1355 0
1356 0
1357 0
1358 0
1359 0
1360 0
1361 0
1362 0
1363 0
1364 0
1365 0
1366 0
1367 0
1368 0
1369 0
1370 0
1371 0
1372 0
1373 0
1374 0
1375 0
1376 0
1377 0
1378 0
1379 0
1380 0
1381 0
1382 0
1383 0
1384 0
1385 0
1386 0
1387 0
1388 0
1389 0
1390 0
1391 0
1392 0
1393 0
1394 0
1395 0
1396 0
1397 0
1398 0
1399 0
1400 0
1401 0
1402 0
1403 0
1404 0
1405 0
1406 0
1407 0
1408 0
1409 0
1410 0
1411 0
1412 0
1413 0
1414 0
1415 0
1416 0
1417 0
1418 0
1419 0
1420 0
1421 0
1422 0
1423 0
1424 0
1425 0
1426 0
1427 0
1428 0
1429 0
1430 0
1431 0
1432 0
1433 0
1434 0
1435 0
1436 0
1437 0
1438 0
1439 0
1440 0
1441 0
1442 0
1443 0
1444 0
1445 0
1446 0
1447 0
1448 0
1449 0
1450 0
1451 0
1452 0
1453 0
1454 0
1455 0
1456 0
1457 0
1458 0
1459 0
1460 0
1461 0
1462 0
1463 0
1464 0
1465 0
1466 0
1467 0
1468 0
1469 0
1470 0
1471 0
1472 0
1473 0
1474 0
1475 0
1476 0
1477 0
1478 0
1479 0
1480 0
1481 0
1482 0
1483 0
1484 0
1485 0
1486 0
1487 0
1488 0
1489 0
1490 0
1491 0
1492 0
1493 0
1494 0
1495 0
1496 0
1497 0
1498 0
1499 0
1500 0
1501 0
1502 0
1503 0
1504 0
1505 0
1506 0
1507 0
1508 0
1509 0
1510 0
1511 0
1512 0
1513 0
1514 0
1515 0
1516 0
1517 0
1518 0
1519 0
1520 0
1521 0
1522 0
1523 0
1524 0
1525 0
1526 0
1527 0
1528 0
1529 0
1530 0
1531 0
1532 0
1533 0
1534 0
1535 0
1536 0
1537 0
1538 0
1539 0
1540 0
1541 0
1542 0
1543 0
1544 0
1545 0
1546 0
1547 0
1548 0
1549 0
1550 0
1551 0
1552 0
1553 0
1554 0
1555 0
1556 0
1557 0
1558 0
1559 0
1560 0
1561 0
1562 0
1563 0
1564 0
1565 0
1566 0
1567 0
1568 0
1569 0
1570 0
1571 0
1572 0
1573 0
1574 0
1575 0
1576 0
1577 0
1578 0
1579 0
1580 0
1581 0
1582 0
1583 0
1584 0
1585 0
1586 0
1587 0
1588 0
1589 0
1590 0
1591 0
1592 0
1593 0
1594 0
1595 0
1596 0
1597 0
1598 0
1599 0
1600 0
1601 0
1602 0
1603 0
1604 0
1605 0
1606 0
1607 0
1608 0
1609 0
1610 0
1611 0
1612 0
1613 0
1614 0
1615 0
1616 0
1617 0
1618 0
1619 0
1620 0
1621 0
1622 0
1623 0
1624 0
1625 0
1626 0
1627 0
1628 0
1629 0
1630 0
1631 0
1632 0
1633 0
1634 0
1635 0
1636 0
1637 0
1638 0
1639 0
1640 0
1641 0
1642 0
1643 0
1644 0
1645 0
1646 0
1647 0
1648 0
1649 0
1650 0
1651 0
1652 0
1653 0
1654 0
1655 0
1656 0
1657 0
1658 0
1659 0
1660 0
1661 0
1662 0
1663 0
1664 0
1665 0
1666 0
1667 0
1668 0
1669 0
1670 0
1671 0
1672 0
1673 0
1674 0
1675 0
1676 0
1677 0
1678 0
1679 0
1680 0
1681 0
1682 0
1683 0
1684 0
1685 0
1686 0
1687 0
1688 0
1689 0
1690 0
1691 0
1692 0
1693 0
1694 0
1695 0
1696 0
1697 0
1698 0
1699 0
1700 0
1701 0
1702 0
1703 0
1704 0
1705 0
1706 0
1707 0
1708 0
1709 0
1710 0
1711 0
1712 0
1713 0
1714 0
1715 0
1716 0
1717 0
1718 0
1719 0
1720 0
1721 0
1722 0
1723 0
1724 0
1725 0
1726 0
1727 0
1728 0
1729 0
1730 0
1731 0
1732 0
1733 0
1734 0
1735 0
1736 0
1737 0
1738 0
1739 0
1740 0
1741 0
1742 0
1743 0
1744 0
1745 0
1746 0
1747 0
1748 0
1749 0
1750 0
1751 0
1752 0
1753 0
1754 0
1755 0
1756 0
1757 0
1758 0
1759 0
1760 0
1761 0
1762 0
1763 0
1764 0
1765 0
1766 0
1767 0
1768 0
1769 0
1770 0
1771 0
1772 0
1773 0
1774 0
1775 0
1776 0
1777 0
1778 0
1779 0
1780 0
1781 0
1782 0
1783 0
1784 0
1785 0
1786 0
1787 0
1788 0
1789 0
1790 0
1791 0
1792 0
1793 0
1794 0
1795 0
1796 0
1797 0
1798 0
1799 0
1800 0
1801 0
1802 0
1803 0
1804 0
1805 0
1806 0
1807 0
1808 0
1809 0
1810 0
1811 0
1812 0
1813 0
1814 0
1815 0
1816 0
1817 0
1818 0
1819 0
1820 0
1821 0
1822 0
1823 0
1824 0
1825 0
1826 0
1827 0
1828 0
1829 0
1830 0
1831 0
1832 0
1833 0
1834 0
1835 0
1836 0
1837 0
1838 0
1839 0
1840 0
1841 0
1842 0
1843 0
1844 0
1845 0
1846 0
1847 0
1848 0
1849 0
1850 0
1851 0
1852 0
1853 0
1854 0
1855 0
1856 0
1857 0
1858 0
1859 0
1860 0
1861 0
1862 0
1863 0
1864 0
1865 0
1866 0
1867 0
1868 0
1869 0
1870 0
1871 0
1872 0
1873 0
1874 0
1875 0
1876 0
1877 0
1878 0
1879 0
1880 0
1881 0
1882 0
1883 0
1884 0
1885 0
1886 0
1887 0
1888 0
1889 0
1890 0
1891 0
1892 0
1893 0
1894 0
1895 0
1896 0
1897 0
1898 0
1899 0
1900 0
1901 0
1902 0
1903 0
1904 0
1905 0
1906 0
1907 0
1908 0
1909 0
1910 0
1911 0
1912 0
1913 0
1914 0
1915 0
1916 0
1917 0
1918 0
1919 0
1920 0
1921 0
1922 0
1923 0
1924 0
1925 0
1926 0
1927 0
1928 0
1929 0
1930 0
1931 0
1932 0
1933 0
1934 0
1935 0
1936 0
1937 0
1938 0
1939 0
1940 0
1941 0
1942 0
1943 0
1944 0
1945 0
1946 0
1947 0
1948 0
1949 0
1950 0
1951 0
1952 0
1953 0
1954 0
1955 0
1956 0
1957 0
1958 0
1959 0
1960 0
1961 0
1962 0
1963 0
1964 0
1965 0
1966 0
1967 0
1968 0
1969 0
1970 0
1971 0
1972 0
1973 0
1974 0
1975 0
1976 0
1977 0
1978 0
1979 0
1980 0
1981 0
1982 0
1983 0
1984 0
1985 0
1986 0
1987 0
1988 0
1989 0
1990 0
1991 0
1992 0
1993 0
1994 0
1995 0
1996 0
1997 0
1998 0
1999 0
2000 0
