0 -1.37664e-09
1 -1.37664e-09
2 -1.37664e-09
3 -1.37664e-09
4 -1.37664e-09
5 -1.37664e-09
6 -1.37664e-09
7 -1.37664e-09
8 -1.37664e-09
9 1.5563e-09
10 1.5563e-09
11 1.5563e-09
12 1.5563e-09
13 1.5563e-09
14 1.5563e-09
15 1.5563e-09
16 1.5563e-09
17 1.5563e-09
18 1.5563e-09
19 1.5563e-09
20 1.5563e-09
21 1.5563e-09
22 1.5563e-09
23 1.5563e-09
24 1.5563e-09
25 1.5563e-09
26 1.5563e-09
27 1.5563e-09
28 1.5563e-09
29 1.5563e-09
30 1.5563e-09
31 1.5563e-09
32 1.5563e-09
33 1.5563e-09
34 1.5563e-09
35 1.5563e-09
36 1.5563e-09
37 1.5563e-09
38 1.5563e-09
39 1.5563e-09
40 1.5563e-09
41 1.5563e-09
42 1.5563e-09
43 1.5563e-09
44 1.5563e-09
45 1.5563e-09
46 1.5563e-09
47 -3.62765e-09
48 -3.62765e-09
49 -3.62765e-09
50 -3.62765e-09
51 -3.62765e-09
52 -3.62765e-09
53 -3.62765e-09
54 -3.62765e-09
55 -3.62765e-09
56 -3.62765e-09
57 -3.62765e-09
58 -3.62765e-09
59 -3.62765e-09
60 -3.62765e-09
61 -3.62765e-09
62 -3.62765e-09
63 -3.62765e-09
64 -3.62765e-09
65 -3.62765e-09
66 -3.62765e-09
67 -3.62765e-09
68 -3.62765e-09
69 -3.62765e-09
70 -3.62765e-09
71 -3.62765e-09
72 -3.62765e-09
73 -3.62765e-09
74 -3.62765e-09
75 -3.62765e-09
76 -3.62765e-09
77 -3.62765e-09
78 -3.62765e-09
79 -3.62765e-09
80 -3.62765e-09
81 -3.62765e-09
82 -3.62765e-09
83 -3.62765e-09
84 -3.62765e-09
85 8.84844e-10
86 8.84844e-10
87 8.84844e-10
88 8.84844e-10
89 8.84844e-10
90 8.84844e-10
91 8.84844e-10
92 8.84844e-10
93 8.84844e-10
94 8.84844e-10
95 8.84844e-10
96 8.84844e-10
97 8.84844e-10
98 8.84844e-10
99 8.84844e-10
100 8.84844e-10
101 8.84844e-10
102 8.84844e-10
103 8.84844e-10
104 8.84844e-10
105 8.84844e-10
106 8.84844e-10
107 8.84844e-10
108 8.84844e-10
109 8.84844e-10
110 8.84844e-10
111 8.84844e-10
112 8.84844e-10
113 8.84844e-10
114 8.84844e-10
115 8.84844e-10
116 8.84844e-10
117 8.84844e-10
118 8.84844e-10
119 8.84844e-10
120 8.84844e-10
121 8.84844e-10
122 8.84844e-10
123 -5.49614e-09
124 -5.49614e-09
125 -5.49614e-09
126 -5.49614e-09
127 -5.49614e-09
128 -5.49614e-09
129 -5.49614e-09
130 -5.49614e-09
131 -5.49614e-09
132 -5.49614e-09
133 -5.49614e-09
134 -5.49614e-09
135 -5.49614e-09
136 -5.49614e-09
137 -5.49614e-09
138 -5.49614e-09
139 -5.49614e-09
140 -5.49614e-09
141 -5.49614e-09
142 -5.49614e-09
143 -5.49614e-09
144 -5.49614e-09
145 -5.49614e-09
146 -5.49614e-09
147 -5.49614e-09
148 -5.49614e-09
149 -5.49614e-09
150 -5.49614e-09
151 -5.49614e-09
152 -5.49614e-09
153 -5.49614e-09
154 -5.49614e-09
155 -5.49614e-09
156 -5.49614e-09
157 -5.49614e-09
158 -5.49614e-09
159 -5.49614e-09
160 -5.49614e-09
161 1.12944e-09
162 1.12944e-09
163 1.12944e-09
164 1.12944e-09
165 1.12944e-09
166 1.12944e-09
167 1.12944e-09
168 1.12944e-09
169 1.12944e-09
170 1.12944e-09
171 1.12944e-09
172 1.12944e-09
173 1.12944e-09
174 1.12944e-09
175 1.12944e-09
176 1.12944e-09
177 1.12944e-09
178 1.12944e-09
179 1.12944e-09
180 1.12944e-09
181 1.12944e-09
182 1.12944e-09
183 1.12944e-09
184 1.12944e-09
185 1.12944e-09
186 1.12944e-09
187 1.12944e-09
188 1.12944e-09
189 1.12944e-09
190 1.12944e-09
191 1.12944e-09
192 1.12944e-09
193 1.12944e-09
194 1.12944e-09
195 1.12944e-09
196 1.12944e-09
197 1.12944e-09
198 1.12944e-09
199 -6.42228e-09
200 -6.42228e-09
201 -6.42228e-09
202 -6.42228e-09
203 -6.42228e-09
204 -6.42228e-09
205 -6.42228e-09
206 -6.42228e-09
207 -6.42228e-09
208 -6.42228e-09
209 -6.42228e-09
210 -6.42228e-09
211 -6.42228e-09
212 -6.42228e-09
213 -6.42228e-09
214 -6.42228e-09
215 -6.42228e-09
216 -6.42228e-09
217 -6.42228e-09
218 -6.42228e-09
219 -6.42228e-09
220 -6.42228e-09
221 -6.42228e-09
222 -6.42228e-09
223 -6.42228e-09
224 -6.42228e-09
225 -6.42228e-09
226 -6.42228e-09
227 -6.42228e-09
228 -6.42228e-09
229 -6.42228e-09
230 -6.42228e-09
231 -6.42228e-09
232 -6.42228e-09
233 -6.42228e-09
234 -6.42228e-09
235 -6.42228e-09
236 -6.42228e-09
237 -6.42228e-09
238 2.35501e-09
239 2.35501e-09
240 2.35501e-09
241 2.35501e-09
242 2.35501e-09
243 2.35501e-09
244 2.35501e-09
245 2.35501e-09
246 2.35501e-09
247 2.35501e-09
248 2.35501e-09
249 2.35501e-09
250 2.35501e-09
251 2.35501e-09
252 2.35501e-09
253 2.35501e-09
254 2.35501e-09
255 2.35501e-09
256 2.35501e-09
257 2.35501e-09
258 2.35501e-09
259 2.35501e-09
260 2.35501e-09
261 2.35501e-09
262 2.35501e-09
263 2.35501e-09
264 2.35501e-09
265 2.35501e-09
266 2.35501e-09
267 2.35501e-09
268 2.35501e-09
269 2.35501e-09
270 2.35501e-09
271 2.35501e-09
272 2.35501e-09
273 2.35501e-09
274 2.35501e-09
275 2.35501e-09
276 -6.47392e-09
277 -6.47392e-09
278 -6.47392e-09
279 -6.47392e-09
280 -6.47392e-09
281 -6.47392e-09
282 -6.47392e-09
283 -6.47392e-09
284 -6.47392e-09
285 -6.47392e-09
286 -6.47392e-09
287 -6.47392e-09
288 -6.47392e-09
289 -6.47392e-09
290 -6.47392e-09
291 -6.47392e-09
292 -6.47392e-09
293 -6.47392e-09
294 -6.47392e-09
295 -6.47392e-09
296 -6.47392e-09
297 -6.47392e-09
298 -6.47392e-09
299 -6.47392e-09
300 -6.47392e-09
301 -6.47392e-09
302 -6.47392e-09
303 -6.47392e-09
304 -6.47392e-09
305 -6.47392e-09
306 -6.47392e-09
307 -6.47392e-09
308 -6.47392e-09
309 -6.47392e-09
310 -6.47392e-09
311 -6.47392e-09
312 -6.47392e-09
313 -6.47392e-09
314 4.00214e-09
315 4.00214e-09
316 4.00214e-09
317 4.00214e-09
318 4.00214e-09
319 4.00214e-09
320 4.00214e-09
321 4.00214e-09
322 4.00214e-09
323 4.00214e-09
324 4.00214e-09
325 4.00214e-09
326 4.00214e-09
327 4.00214e-09
328 4.00214e-09
329 4.00214e-09
330 4.00214e-09
331 4.00214e-09
332 4.00214e-09
333 4.00214e-09
334 4.00214e-09
335 4.00214e-09
336 4.00214e-09
337 4.00214e-09
338 4.00214e-09
339 4.00214e-09
340 4.00214e-09
341 4.00214e-09
342 4.00214e-09
343 4.00214e-09
344 4.00214e-09
345 4.00214e-09
346 4.00214e-09
347 4.00214e-09
348 4.00214e-09
349 4.00214e-09
350 4.00214e-09
351 4.00214e-09
352 -6.11327e-09
353 -6.11327e-09
354 -6.11327e-09
355 -6.11327e-09
356 -6.11327e-09
357 -6.11327e-09
358 -6.11327e-09
359 -6.11327e-09
360 -6.11327e-09
361 -6.11327e-09
362 -6.11327e-09
363 -6.11327e-09
364 -6.11327e-09
365 -6.11327e-09
366 -6.11327e-09
367 -6.11327e-09
368 -6.11327e-09
369 -6.11327e-09
370 -6.11327e-09
371 -6.11327e-09
372 -6.11327e-09
373 -6.11327e-09
374 -6.11327e-09
375 -6.11327e-09
376 -6.11327e-09
377 -6.11327e-09
378 -6.11327e-09
379 -6.11327e-09
380 -6.11327e-09
381 -6.11327e-09
382 -6.11327e-09
383 -6.11327e-09
384 -6.11327e-09
385 -6.11327e-09
386 -6.11327e-09
387 -6.11327e-09
388 -6.11327e-09
389 -6.11327e-09
390 5.29284e-09
391 5.29284e-09
392 5.29284e-09
393 5.29284e-09
394 5.29284e-09
395 5.29284e-09
396 5.29284e-09
397 5.29284e-09
398 5.29284e-09
399 5.29284e-09
400 5.29284e-09
401 5.29284e-09
402 5.29284e-09
403 5.29284e-09
404 5.29284e-09
405 5.29284e-09
406 5.29284e-09
407 5.29284e-09
408 5.29284e-09
409 5.29284e-09
410 5.29284e-09
411 5.29284e-09
412 5.29284e-09
413 5.29284e-09
414 5.29284e-09
415 5.29284e-09
416 5.29284e-09
417 5.29284e-09
418 5.29284e-09
419 5.29284e-09
420 5.29284e-09
421 5.29284e-09
422 5.29284e-09
423 5.29284e-09
424 5.29284e-09
425 5.29284e-09
426 5.29284e-09
427 5.29284e-09
428 -5.82117e-09
429 -5.82117e-09
430 -5.82117e-09
431 -5.82117e-09
432 -5.82117e-09
433 -5.82117e-09
434 -5.82117e-09
435 -5.82117e-09
436 -5.82117e-09
437 -5.82117e-09
438 -5.82117e-09
439 -5.82117e-09
440 -5.82117e-09
441 -5.82117e-09
442 -5.82117e-09
443 -5.82117e-09
444 -5.82117e-09
445 -5.82117e-09
446 -5.82117e-09
447 -5.82117e-09
448 -5.82117e-09
449 -5.82117e-09
450 -5.82117e-09
451 -5.82117e-09
452 -5.82117e-09
453 -5.82117e-09
454 -5.82117e-09
455 -5.82117e-09
456 -5.82117e-09
457 -5.82117e-09
458 -5.82117e-09
459 -5.82117e-09
460 -5.82117e-09
461 -5.82117e-09
462 -5.82117e-09
463 -5.82117e-09
464 -5.82117e-09
465 -5.82117e-09
466 -5.82117e-09
467 5.75105e-09
468 5.75105e-09
469 5.75105e-09
470 5.75105e-09
471 5.75105e-09
472 5.75105e-09
473 5.75105e-09
474 5.75105e-09
475 5.75105e-09
476 5.75105e-09
477 5.75105e-09
478 5.75105e-09
479 5.75105e-09
480 5.75105e-09
481 5.75105e-09
482 5.75105e-09
483 5.75105e-09
484 5.75105e-09
485 5.75105e-09
486 5.75105e-09
487 5.75105e-09
488 5.75105e-09
489 5.75105e-09
490 5.75105e-09
491 5.75105e-09
492 5.75105e-09
493 5.75105e-09
494 5.75105e-09
495 5.75105e-09
496 5.75105e-09
497 5.75105e-09
498 5.75105e-09
499 5.75105e-09
500 5.75105e-09
501 5.75105e-09
502 5.75105e-09
503 5.75105e-09
504 5.75105e-09
505 -5.98316e-09
506 -5.98316e-09
507 -5.98316e-09
508 -5.98316e-09
509 -5.98316e-09
510 -5.98316e-09
511 -5.98316e-09
512 -5.98316e-09
513 -5.98316e-09
514 -5.98316e-09
515 -5.98316e-09
516 -5.98316e-09
517 -5.98316e-09
518 -5.98316e-09
519 -5.98316e-09
520 -5.98316e-09
521 -5.98316e-09
522 -5.98316e-09
523 -5.98316e-09
524 -5.98316e-09
525 -5.98316e-09
526 -5.98316e-09
527 -5.98316e-09
528 -5.98316e-09
529 -5.98316e-09
530 -5.98316e-09
531 -5.98316e-09
532 -5.98316e-09
533 -5.98316e-09
534 -5.98316e-09
535 -5.98316e-09
536 -5.98316e-09
537 -5.98316e-09
538 -5.98316e-09
539 -5.98316e-09
540 -5.98316e-09
541 -5.98316e-09
542 -5.98316e-09
543 5.86103e-09
544 5.86103e-09
545 5.86103e-09
546 5.86103e-09
547 5.86103e-09
548 5.86103e-09
549 5.86103e-09
550 5.86103e-09
551 5.86103e-09
552 5.86103e-09
553 5.86103e-09
554 5.86103e-09
555 5.86103e-09
556 5.86103e-09
557 5.86103e-09
558 5.86103e-09
559 5.86103e-09
560 5.86103e-09
561 5.86103e-09
562 5.86103e-09
563 5.86103e-09
564 5.86103e-09
565 5.86103e-09
566 5.86103e-09
567 5.86103e-09
568 5.86103e-09
569 5.86103e-09
570 5.86103e-09
571 5.86103e-09
572 5.86103e-09
573 5.86103e-09
574 5.86103e-09
575 5.86103e-09
576 5.86103e-09
577 5.86103e-09
578 5.86103e-09
579 5.86103e-09
580 5.86103e-09
581 -7.58815e-09
582 -7.58815e-09
583 -7.58815e-09
584 -7.58815e-09
585 -7.58815e-09
586 -7.58815e-09
587 -7.58815e-09
588 -7.58815e-09
589 -7.58815e-09
590 -7.58815e-09
591 -7.58815e-09
592 -7.58815e-09
593 -7.58815e-09
594 -7.58815e-09
595 -7.58815e-09
596 -7.58815e-09
597 -7.58815e-09
598 -7.58815e-09
599 -7.58815e-09
600 -7.58815e-09
601 -7.58815e-09
602 -7.58815e-09
603 -7.58815e-09
604 -7.58815e-09
605 -7.58815e-09
606 -7.58815e-09
607 -7.58815e-09
608 -7.58816e-09
609 -7.58816e-09
610 -7.58818e-09
611 -7.58818e-09
612 -7.58823e-09
613 -7.58823e-09
614 -7.58833e-09
615 -7.58833e-09
616 -7.58855e-09
617 -7.58855e-09
618 -7.58901e-09
619 1.02525e-08
620 1.02518e-08
621 1.02518e-08
622 1.02506e-08
623 1.02506e-08
624 1.02482e-08
625 1.02482e-08
626 1.02439e-08
627 1.02439e-08
628 1.02365e-08
629 1.02365e-08
630 1.02238e-08
631 1.02238e-08
632 1.0203e-08
633 1.0203e-08
634 1.01703e-08
635 1.01703e-08
636 1.0121e-08
637 1.0121e-08
638 1.00508e-08
639 1.00508e-08
640 9.9573e-09
641 9.9573e-09
642 9.845e-09
643 9.845e-09
644 9.7325e-09
645 9.7325e-09
646 9.66545e-09
647 9.66545e-09
648 9.7363e-09
649 9.7363e-09
650 1.01134e-08
651 1.01134e-08
652 1.10812e-08
653 1.10812e-08
654 1.30934e-08
655 1.30934e-08
656 1.68386e-08
657 3.08587e-08
658 5.3633e-08
659 5.3633e-08
660 8.69376e-08
661 8.69376e-08
662 1.34544e-07
663 1.34544e-07
664 2.01097e-07
665 2.01097e-07
666 2.92132e-07
667 2.92132e-07
668 4.14025e-07
669 4.14025e-07
670 5.73848e-07
671 5.73848e-07
672 7.79125e-07
673 7.79125e-07
674 1.03747e-06
675 1.03747e-06
676 1.35614e-06
677 1.35614e-06
678 1.74148e-06
679 1.74148e-06
680 2.19839e-06
681 2.19839e-06
682 2.72971e-06
683 2.72971e-06
684 3.33578e-06
685 3.33578e-06
686 4.01412e-06
687 4.01412e-06
688 4.7593e-06
689 4.7593e-06
690 5.5631e-06
691 5.5631e-06
692 6.41508e-06
693 6.41508e-06
694 7.30329e-06
695 7.30329e-06
696 1.6227e-05
697 1.6227e-05
698 1.81226e-05
699 1.81226e-05
700 2.00623e-05
701 2.00623e-05
702 2.20322e-05
703 2.20322e-05
704 2.40212e-05
705 2.40212e-05
706 2.60216e-05
707 2.60216e-05
708 2.8028e-05
709 2.8028e-05
710 3.0037e-05
711 3.0037e-05
712 3.20452e-05
713 3.20452e-05
714 3.40477e-05
715 3.40477e-05
716 3.60372e-05
717 3.60372e-05
718 3.8003e-05
719 3.8003e-05
720 3.99315e-05
721 3.99315e-05
722 4.18073e-05
723 4.18073e-05
724 4.36152e-05
725 4.36152e-05
726 4.5343e-05
727 4.5343e-05
728 4.69839e-05
729 4.69839e-05
730 4.85384e-05
731 4.85384e-05
732 5.00157e-05
733 5.00157e-05
734 0.000103864
735 0.000103864
736 0.000106796
737 0.000106796
738 0.000109758
739 0.000109758
740 0.000112791
741 0.000112791
742 0.000115935
743 0.000115935
744 0.000119223
745 0.000119223
746 0.000122681
747 0.000122681
748 0.000126323
749 0.000126323
750 0.00013016
751 0.00013016
752 0.000134191
753 0.000134191
754 0.000138413
755 0.000138413
756 0.000142821
757 0.000142821
758 0.000147412
759 0.000147412
760 0.000152187
761 0.000152187
762 0.000157157
763 0.000157157
764 0.000162343
765 0.000162343
766 0.000167773
767 0.000167773
768 0.000173483
769 0.000173483
770 0.000179511
771 0.000179511
772 0.000384279
773 0.000384279
774 0.000398342
775 0.000398342
776 0.000413131
777 0.000413131
778 0.000428654
779 0.000428654
780 0.000444914
781 0.000444914
782 0.000461921
783 0.000461921
784 0.000479696
785 0.000479696
786 0.00049828
787 0.00049828
788 0.00051774
789 0.00051774
790 0.000538159
791 0.000538159
792 0.00055964
793 0.00055964
794 0.000582288
795 0.000582288
796 0.000606209
797 0.000606209
798 0.000631499
799 0.000631499
800 0.000658245
801 0.000658245
802 0.000686525
803 0.000686525
804 0.000716413
805 0.000716413
806 0.000747991
807 0.000747991
808 0.00078135
809 0.00078135
810 0.00160426
811 0.00160426
812 0.00167721
813 0.00167721
814 0.00175436
815 0.00175436
816 0.00183595
817 0.00183595
818 0.00192225
819 0.00192225
820 0.00201353
821 0.00201353
822 0.00211011
823 0.00211011
824 0.00221244
825 0.00221244
826 0.00232112
827 0.00232112
828 0.00243698
829 0.00243698
830 0.00256117
831 0.00256117
832 0.00269518
833 0.00269518
834 0.00284084
835 0.00284084
836 0.00300044
837 0.00300044
838 0.00317671
839 0.00317671
840 0.00337291
841 0.00337291
842 0.00359298
843 0.00359298
844 0.0038416
845 0.0038416
846 0.0041244
847 0.0041244
848 0.00781491
849 0.00781491
850 0.00846245
851 0.00846245
852 0.00921105
853 0.00921105
854 0.0100816
855 0.0100816
856 0.0111007
857 0.0111007
858 0.0123034
859 0.0123034
860 0.0137358
861 0.0137358
862 0.0154597
863 0.0154597
864 0.0175576
865 0.0175576
866 0.0201412
867 0.0201412
868 0.0233622
869 0.0233622
870 0.0274015
871 0.0274015
872 0.0324204
873 0.0324204
874 0.0385149
875 0.0385149
876 0.045707
877 0.045707
878 0.0539593
879 0.0539593
880 0.0631881
881 0.0631881
882 0.0732704
883 0.0732704
884 0.0840494
885 0.0840494
886 0.218121
887 0.218121
888 0.249483
889 0.249483
890 0.281572
891 0.281572
892 0.313776
893 0.313776
894 0.345468
895 0.345468
896 0.376035
897 0.376035
898 0.404918
899 0.404918
900 0.431632
901 0.431632
902 0.455771
903 0.455771
904 0.476913
905 0.476913
906 0.494395
907 0.494395
908 0.507556
909 0.507556
910 0.516312
911 0.516312
912 0.521143
913 0.521143
914 0.522675
915 0.522675
916 0.521379
917 0.521379
918 0.517533
919 0.517533
920 0.511329
921 0.511329
922 0.503002
923 0.503002
924 0.492868
925 0.523961
926 0.520282
927 0.520282
928 0.515362
929 0.515362
930 0.5095
931 0.5095
932 0.502976
933 0.502976
934 0.495959
935 0.495959
936 0.488615
937 0.488615
938 0.481086
939 0.481086
940 0.473465
941 0.473465
942 0.465368
943 0.465368
944 0.456531
945 0.456531
946 0.447108
947 0.447108
948 0.437846
949 0.437846
950 0.430801
951 0.430801
952 0.408219
953 0.408219
954 0.387613
955 0.387613
956 0.394732
957 0.394732
958 0.393853
959 0.393853
960 0.38152
961 0.38152
962 0.369503
963 0.407487
964 0.403835
965 0.403835
966 0.403505
967 0.403505
968 0.406143
969 0.406143
970 0.409687
971 0.409687
972 0.412053
973 0.412053
974 0.413671
975 0.413671
976 0.414526
977 0.414526
978 0.414072
979 0.414072
980 0.412992
981 0.412992
982 0.411397
983 0.411397
984 0.409795
985 0.409795
986 0.407468
987 0.407468
988 0.404513
989 0.404513
990 0.401622
991 0.401622
992 0.398419
993 0.398419
994 0.394675
995 0.394675
996 0.390942
997 0.390942
998 0.388147
999 0.388147
1000 0.386992
1001 0
1002 0
1003 0
1004 0
1005 0
1006 0
1007 0
1008 0
1009 0
1010 0
1011 0
1012 0
1013 0
1014 0
1015 0
1016 0
1017 0
1018 0
1019 0
1020 0
1021 0
1022 0
1023 0
1024 0
1025 0
1026 0
1027 0
1028 0
1029 0
1030 0
1031 0
1032 0
1033 0
1034 0
1035 0
1036 0
1037 0
1038 0
1039 0
1040 0
1041 0
1042 0
1043 0
1044 0
1045 0
1046 0
1047 0
1048 0
1049 0
1050 0
1051 0
1052 0
1053 0
1054 0
1055 0
1056 0
1057 0
1058 0
1059 0
1060 0
1061 0
1062 0
1063 0
1064 0
1065 0
1066 0
1067 0
1068 0
1069 0
1070 0
1071 0
1072 0
1073 0
1074 0
1075 0
1076 0
1077 0
1078 0
1079 0
1080 0
1081 0
1082 0
1083 0
1084 0
1085 0
1086 0
1087 0
1088 0
1089 0
1090 0
1091 0
1092 0
1093 0
1094 0
1095 0
1096 0
1097 0
1098 0
1099 0
1100 0
1101 0
1102 0
1103 0
1104 0
1105 0
1106 0
1107 0
1108 0
1109 0
1110 0
1111 0
1112 0
1113 0
1114 0
1115 0
1116 0
1117 0
1118 0
1119 0
1120 0
1121 0
1122 0
1123 0
1124 0
1125 0
1126 0
1127 0
1128 0
1129 0
1130 0
1131 0
1132 0
1133 0
1134 0
1135 0
1136 0
1137 0
1138 0
1139 0
1140 0
1141 0
1142 0
1143 0
1144 0
1145 0
1146 0
1147 0
1148 0
1149 0
1150 0
1151 0
1152 0
1153 0
1154 0
1155 0
1156 0
1157 0
1158 0
1159 0
1160 0
1161 0
1162 0
1163 0
1164 0
1165 0
1166 0
1167 0
1168 0
1169 0
1170 0
1171 0
1172 0
1173 0
1174 0
1175 0
1176 0
1177 0
1178 0
1179 0
1180 0
1181 0
1182 0
1183 0
1184 0
1185 0
1186 0
1187 0
1188 0
1189 0
1190 0
1191 0
1192 0
1193 0
1194 0
1195 0
1196 0
1197 0
1198 0
1199 0
1200 0
1201 0
1202 0
1203 0
1204 0
1205 0
1206 0
1207 0
1208 0
1209 0
1210 0
1211 0
1212 0
1213 0
1214 0
1215 0
1216 0
1217 0
1218 0
1219 0
1220 0
1221 0
1222 0
1223 0
1224 0
1225 0
1226 0
1227 0
1228 0
1229 0
1230 0
1231 0
1232 0
1233 0
1234 0
1235 0
1236 0
1237 0
1238 0
1239 0
1240 0
1241 0
1242 0
1243 0
1244 0
1245 0
1246 0
1247 0
1248 0
1249 0
1250 0
1251 0
1252 0
1253 0
1254 0
1255 0
1256 0
1257 0
1258 0
1259 0
1260 0
1261 0
1262 0
1263 0
1264 0
1265 0
1266 0
1267 0
1268 0
1269 0
1270 0
1271 0
1272 0
1273 0
1274 0
1275 0
1276 0
1277 0
1278 0
1279 0
1280 0
1281 0
1282 0
1283 0
1284 0
1285 0
1286 0
1287 0
1288 0
1289 0
1290 0
1291 0
1292 0
1293 0
1294 0
1295 0
1296 0
1297 0
1298 0
1299 0
1300 0
1301 0
1302 0
1303 0
1304 0
1305 0
1306 0
1307 0
1308 0
1309 0
1310 0
1311 0
1312 0
1313 0
1314 0
1315 0
1316 0
1317 0
1318 0
1319 0
1320 0
1321 0
1322 0
1323 0
1324 0
1325 0
1326 0
1327 0
1328 0
1329 0
1330 0
1331 0
1332 0
1333 0
1334 0
1335 0
1336 0
1337 0
1338 0
1339 0
1340 0
1341 0
1342 0
1343 0
1344 0
1345 0
1346 0
1347 0
1348 0
1349 0
1350 0
1351 0
1352 0
1353 0
1354 0
1355 0
1356 0
1357 0
1358 0
1359 0
1360 0
1361 0
1362 0
1363 0
1364 0
1365 0
1366 0
1367 0
1368 0
1369 0
1370 0
1371 0
1372 0
1373 0
1374 0
1375 0
1376 0
1377 0
1378 0
1379 0
1380 0
1381 0
1382 0
1383 0
1384 0
1385 0
1386 0
1387 0
1388 0
1389 0
1390 0
1391 0
1392 0
1393 0
1394 0
1395 0
1396 0
1397 0
1398 0
1399 0
1400 0
1401 0
1402 0
1403 0
1404 0
1405 0
1406 0
1407 0
1408 0
1409 0
1410 0
1411 0
1412 0
1413 0
1414 0
1415 0
1416 0
1417 0
1418 0
1419 0
1420 0
1421 0
1422 0
1423 0
1424 0
1425 0
1426 0
1427 0
1428 0
1429 0
1430 0
1431 0
1432 0
1433 0
1434 0
1435 0
1436 0
1437 0
1438 0
1439 0
1440 0
1441 0
1442 0
1443 0
1444 0
1445 0
1446 0
1447 0
1448 0
1449 0
1450 0
1451 0
1452 0
1453 0
1454 0
1455 0
1456 0
1457 0
1458 0
1459 0
1460 0
1461 0
1462 0
1463 0
1464 0
1465 0
1466 0
1467 0
1468 0
1469 0
1470 0
1471 0
1472 0
1473 0
1474 0
1475 0
1476 0
1477 0
1478 0
1479 0
1480 0
1481 0
1482 0
1483 0
1484 0
1485 0
1486 0
1487 0
1488 0
1489 0
1490 0
1491 0
1492 0
1493 0
1494 0
1495 0
1496 0
1497 0
1498 0
1499 0
1500 0
1501 0
1502 0
1503 0
1504 0
1505 0
1506 0
1507 0
1508 0
1509 0
1510 0
1511 0
1512 0
1513 0
1514 0
1515 0
1516 0
1517 0
1518 0
1519 0
1520 0
1521 0
1522 0
1523 0
1524 0
1525 0
1526 0
1527 0
1528 0
1529 0
1530 0
1531 0
1532 0
1533 0
1534 0
1535 0
1536 0
1537 0
1538 0
1539 0
1540 0
1541 0
1542 0
1543 0
1544 0
1545 0
1546 0
1547 0
1548 0
1549 0
1550 0
1551 0
1552 0
1553 0
1554 0
1555 0
1556 0
1557 0
1558 0
1559 0
1560 0
1561 0
1562 0
1563 0
1564 0
1565 0
1566 0
1567 0
1568 0
1569 0
1570 0
1571 0
1572 0
1573 0
1574 0
1575 0
1576 0
1577 0
1578 0
1579 0
1580 0
1581 0
1582 0
1583 0
1584 0
1585 0
1586 0
1587 0
1588 0
1589 0
1590 0
1591 0
1592 0
1593 0
1594 0
1595 0
1596 0
1597 0
1598 0
1599 0
1600 0
1601 0
1602 0
1603 0
1604 0
1605 0
1606 0
1607 0
1608 0
1609 0
1610 0
1611 0
1612 0
1613 0
1614 0
1615 0
1616 0
1617 0
1618 0
1619 0
1620 0
1621 0
1622 0
1623 0
1624 0
1625 0
1626 0
1627 0
1628 0
1629 0
1630 0
1631 0
1632 0
1633 0
1634 0
1635 0
1636 0
1637 0
1638 0
1639 0
1640 0
1641 0
1642 0
1643 0
1644 0
1645 0
1646 0
1647 0
1648 0
1649 0
1650 0
1651 0
1652 0
1653 0
1654 0
1655 0
1656 0
1657 0
1658 0
1659 0
1660 0
1661 0
1662 0
1663 0
1664 0
1665 0
1666 0
1667 0
1668 0
1669 0
1670 0
1671 0
1672 0
1673 0
1674 0
1675 0
1676 0
1677 0
1678 0
1679 0
1680 0
1681 0
1682 0
1683 0
1684 0
1685 0
1686 0
1687 0
1688 0
1689 0
1690 0
1691 0
1692 0
1693 0
1694 0
1695 0
1696 0
1697 0
1698 0
1699 0
1700 0
1701 0
1702 0
1703 0
1704 0
1705 0
1706 0
1707 0
1708 0
1709 0
1710 0
1711 0
1712 0
1713 0
1714 0
1715 0
1716 0
1717 0
1718 0
1719 0
1720 0
1721 0
1722 0
1723 0
1724 0
1725 0
1726 0
1727 0
1728 0
1729 0
1730 0
1731 0
1732 0
1733 0
1734 0
1735 0
1736 0
1737 0
1738 0
1739 0
1740 0
1741 0
1742 0
1743 0
1744 0
1745 0
1746 0
1747 0
1748 0
1749 0
1750 0
1751 0
1752 0
1753 0
1754 0
1755 0
1756 0
1757 0
1758 0
1759 0
1760 0
1761 0
1762 0
1763 0
1764 0
1765 0
1766 0
1767 0
1768 0
1769 0
1770 0
1771 0
1772 0
1773 0
1774 0
1775 0
1776 0
1777 0
1778 0
1779 0
1780 0
1781 0
1782 0
1783 0
1784 0
1785 0
1786 0
1787 0
1788 0
1789 0
1790 0
1791 0
1792 0
1793 0
1794 0
1795 0
1796 0
1797 0
1798 0
1799 0
1800 0
1801 0
1802 0
1803 0
1804 0
1805 0
1806 0
1807 0
1808 0
1809 0
1810 0
1811 0
1812 0
1813 0
1814 0
1815 0
1816 0
1817 0
1818 0
1819 0
1820 0
1821 0
1822 0
1823 0
1824 0
1825 0
1826 0
1827 0
1828 0
1829 0
1830 0
1831 0
1832 0
1833 0
1834 0
1835 0
1836 0
1837 0
1838 0
1839 0
1840 0
1841 0
1842 0
1843 0
1844 0
1845 0
1846 0
1847 0
1848 0
1849 0
1850 0
1851 0
1852 0
1853 0
1854 0
1855 0
1856 0
1857 0
1858 0
1859 0
1860 0
1861 0
1862 0
1863 0
1864 0
1865 0
1866 0
1867 0
1868 0
1869 0
1870 0
1871 0
1872 0
1873 0
1874 0
1875 0
1876 0
1877 0
1878 0
1879 0
1880 0
1881 0
1882 0
1883 0
1884 0
1885 0
1886 0
1887 0
1888 0
1889 0
1890 0
1891 0
1892 0
1893 0
1894 0
1895 0
1896 0
1897 0
1898 0
1899 0
1900 0
1901 0
1902 0
1903 0
1904 0
1905 0
1906 0
1907 0
1908 0
1909 0
1910 0
1911 0
1912 0
1913 0
1914 0
1915 0
1916 0
1917 0
1918 0
1919 0
1920 0
1921 0
1922 0
1923 0
1924 0
1925 0
1926 0
1927 0
1928 0
1929 0
1930 0
1931 0
1932 0
1933 0
1934 0
1935 0
1936 0
1937 0
1938 0
1939 0
1940 0
1941 0
1942 0
1943 0
1944 0
1945 0
1946 0
1947 0
1948 0
1949 0
1950 0
1951 0
1952 0
1953 0
1954 0
1955 0
1956 0
1957 0
1958 0
1959 0
1960 0
1961 0
1962 0
1963 0
1964 0
1965 0
1966 0
1967 0
1968 0
1969 0
1970 0
1971 0
1972 0
1973 0
1974 0
1975 0
1976 0
1977 0
1978 0
1979 0
1980 0
1981 0
1982 0
1983 0
1984 0
1985 0
1986 0
1987 0
1988 0
1989 0
1990 0
1991 0
1992 0
1993 0
1994 0
1995 0
1996 0
1997 0
1998 0
1999 0
2000 0
