0.000000 0.000000e+00  -0.000000e+00 -0.000000e+00
0.000020 2.140323e+02  1.585266e+01 6.424841e+00
0.000040 4.196056e+02  3.170532e+01 1.284968e+01
0.000060 5.601222e+02  4.755798e+01 1.927452e+01
0.000080 6.185267e+02  6.341064e+01 2.569937e+01
0.000100 6.706888e+02  7.926330e+01 3.212421e+01
0.000120 7.348355e+02  9.511597e+01 3.854905e+01
0.000140 7.940165e+02  1.109686e+02 4.497389e+01
0.000160 8.482290e+02  1.268213e+02 5.139873e+01
0.000180 9.082523e+02  1.426739e+02 5.782357e+01
0.000200 9.770779e+02  1.585266e+02 6.424841e+01
0.000220 1.036139e+03  1.743793e+02 7.067326e+01
0.000240 1.086304e+03  1.902319e+02 7.709810e+01
0.000260 1.146439e+03  2.060846e+02 8.352294e+01
0.000280 1.179129e+03  2.219373e+02 8.994778e+01
0.000300 1.202938e+03  2.377899e+02 9.637262e+01
0.000320 1.211582e+03  2.536426e+02 1.027975e+02
0.000340 1.225140e+03  2.694952e+02 1.092223e+02
0.000360 1.210633e+03  2.853479e+02 1.156471e+02
0.000380 1.188347e+03  3.012006e+02 1.220720e+02
0.000400 1.174259e+03  3.170532e+02 1.284968e+02
0.000420 1.141140e+03  3.329059e+02 1.349217e+02
0.000440 1.105605e+03  3.487585e+02 1.413465e+02
0.000460 1.073898e+03  3.646112e+02 1.477714e+02
0.000480 1.062072e+03  3.804639e+02 1.541962e+02
0.000500 1.043782e+03  3.963165e+02 1.606210e+02
0.000520 1.033696e+03  4.121692e+02 1.670459e+02
0.000540 1.051921e+03  4.280218e+02 1.734707e+02
0.000560 1.063331e+03  4.438745e+02 1.798956e+02
0.000580 1.086141e+03  4.597272e+02 1.863204e+02
0.000600 1.116657e+03  4.755798e+02 1.927452e+02
0.000620 1.169700e+03  4.914325e+02 1.991701e+02
0.000640 1.212649e+03  5.072851e+02 2.055949e+02
0.000660 1.258759e+03  5.231378e+02 2.120198e+02
0.000680 1.319317e+03  5.389905e+02 2.184446e+02
0.000700 1.363655e+03  5.548431e+02 2.248695e+02
0.000720 1.403369e+03  5.706958e+02 2.312943e+02
0.000740 1.437957e+03  5.865485e+02 2.377191e+02
0.000760 1.479501e+03  6.024011e+02 2.441440e+02
0.000780 1.501149e+03  6.182538e+02 2.505688e+02
0.000800 1.514359e+03  6.341064e+02 2.569937e+02
0.000820 1.537990e+03  6.499591e+02 2.634185e+02
0.000840 1.539214e+03  6.658118e+02 2.698433e+02
0.000860 1.536887e+03  6.816644e+02 2.762682e+02
0.000880 1.530067e+03  6.975171e+02 2.826930e+02
0.000900 1.538005e+03  7.133697e+02 2.891179e+02
0.000920 1.530072e+03  7.292224e+02 2.955427e+02
0.000940 1.523333e+03  7.450751e+02 3.019675e+02
0.000960 1.535763e+03  7.609277e+02 3.083924e+02
0.000980 1.534932e+03  7.767804e+02 3.148172e+02
0.001000 1.537805e+03  7.926330e+02 3.212421e+02
0.001020 1.547451e+03  8.084857e+02 3.276669e+02
0.001040 1.574724e+03  8.243384e+02 3.340918e+02
0.001060 1.591270e+03  8.401910e+02 3.405166e+02
0.001080 1.612583e+03  8.560437e+02 3.469414e+02
0.001100 1.652815e+03  8.718963e+02 3.533663e+02
0.001120 1.678175e+03  8.877490e+02 3.597911e+02
0.001140 1.708199e+03  9.036017e+02 3.662160e+02
0.001160 1.736012e+03  9.194543e+02 3.726408e+02
0.001180 1.779397e+03  9.353070e+02 3.790656e+02
0.001200 1.806741e+03  9.511597e+02 3.854905e+02
0.001220 1.834468e+03  9.670123e+02 3.919153e+02
0.001240 1.874914e+03  9.828650e+02 3.983402e+02
0.001260 1.895636e+03  9.987176e+02 4.047650e+02
0.001280 1.918299e+03  1.014570e+03 4.111899e+02
0.001300 1.933592e+03  1.030423e+03 4.176147e+02
0.001320 1.962686e+03  1.046276e+03 4.240395e+02
0.001340 1.973957e+03  1.062128e+03 4.304644e+02
0.001360 1.986645e+03  1.077981e+03 4.368892e+02
0.001380 2.012348e+03  1.093834e+03 4.433141e+02
0.001400 2.019816e+03  1.109686e+03 4.497389e+02
0.001420 2.031456e+03  1.125539e+03 4.561637e+02
0.001440 2.039116e+03  1.141392e+03 4.625886e+02
0.001460 2.064169e+03  1.157244e+03 4.690134e+02
0.001480 2.074709e+03  1.173097e+03 4.754383e+02
0.001500 2.088894e+03  1.188950e+03 4.818631e+02
0.001520 2.120960e+03  1.204802e+03 4.882880e+02
0.001540 2.135867e+03  1.220655e+03 4.947128e+02
0.001560 2.156867e+03  1.236508e+03 5.011376e+02
0.001580 2.175077e+03  1.252360e+03 5.075625e+02
0.001600 2.212313e+03  1.268213e+03 5.139873e+02
0.001620 2.233601e+03  1.284066e+03 5.204122e+02
0.001640 2.258290e+03  1.299918e+03 5.268370e+02
0.001660 2.298980e+03  1.315771e+03 5.332618e+02
0.001680 2.321504e+03  1.331624e+03 5.396867e+02
0.001700 2.347184e+03  1.347476e+03 5.461115e+02
0.001720 2.368791e+03  1.363329e+03 5.525364e+02
0.001740 2.406117e+03  1.379181e+03 5.589612e+02
0.001760 2.426480e+03  1.395034e+03 5.653860e+02
0.001780 2.447683e+03  1.410887e+03 5.718109e+02
0.001800 2.484461e+03  1.426739e+03 5.782357e+02
0.001820 2.500643e+03  1.442592e+03 5.846606e+02
0.001840 2.521080e+03  1.458445e+03 5.910854e+02
0.001860 2.535609e+03  1.474297e+03 5.975103e+02
0.001880 2.567879e+03  1.490150e+03 6.039351e+02
0.001900 2.582347e+03  1.506003e+03 6.103599e+02
0.001920 2.600070e+03  1.521855e+03 6.167848e+02
0.001940 2.633784e+03  1.537708e+03 6.232096e+02
0.001960 2.649065e+03  1.553561e+03 6.296345e+02
0.001980 2.668665e+03  1.569413e+03 6.360593e+02
0.002000 2.685131e+03  1.585266e+03 6.424841e+02
0.002020 2.719809e+03  1.601119e+03 6.489090e+02
0.002040 2.738506e+03  1.616971e+03 6.553338e+02
0.002060 2.759775e+03  1.632824e+03 6.617587e+02
0.002080 2.799414e+03  1.648677e+03 6.681835e+02
0.002100 2.814327e+03  1.664529e+03 6.746084e+02
0.002120 2.823271e+03  1.680382e+03 6.810332e+02
0.002140 2.825327e+03  1.696235e+03 6.874580e+02
0.002160 2.851150e+03  1.712087e+03 6.938829e+02
0.002180 2.855320e+03  1.727940e+03 7.003077e+02
0.002200 2.861757e+03  1.743793e+03 7.067326e+02
0.002220 2.886634e+03  1.759645e+03 7.131574e+02
0.002240 2.897433e+03  1.775498e+03 7.195822e+02
0.002260 2.914185e+03  1.791351e+03 7.260071e+02
0.002280 2.916875e+03  1.807203e+03 7.324319e+02
0.002300 2.932413e+03  1.823056e+03 7.388568e+02
0.002320 2.932125e+03  1.838909e+03 7.452816e+02
0.002340 2.940673e+03  1.854761e+03 7.517065e+02
0.002360 2.970818e+03  1.870614e+03 7.581313e+02
0.002380 2.970980e+03  1.886467e+03 7.645561e+02
0.002400 2.971685e+03  1.902319e+03 7.709810e+02
0.002420 2.970131e+03  1.918172e+03 7.774058e+02
0.002440 2.996214e+03  1.934025e+03 7.838307e+02
0.002460 3.008472e+03  1.949877e+03 7.902555e+02
0.002480 3.025989e+03  1.965730e+03 7.966803e+02
0.002500 3.051146e+03  1.981583e+03 8.031052e+02
0.002520 3.054364e+03  1.997435e+03 8.095300e+02
0.002540 3.063544e+03  2.013288e+03 8.159549e+02
0.002560 3.079093e+03  2.029141e+03 8.223797e+02
0.002580 3.117152e+03  2.044993e+03 8.288045e+02
0.002600 3.140378e+03  2.060846e+03 8.352294e+02
0.002620 3.153051e+03  2.076699e+03 8.416542e+02
0.002640 3.183583e+03  2.092551e+03 8.480791e+02
0.002660 3.193171e+03  2.108404e+03 8.545039e+02
0.002680 3.215374e+03  2.124257e+03 8.609288e+02
0.002700 3.235138e+03  2.140109e+03 8.673536e+02
0.002720 3.277338e+03  2.155962e+03 8.737784e+02
0.002740 3.297159e+03  2.171815e+03 8.802033e+02
0.002760 3.319858e+03  2.187667e+03 8.866281e+02
0.002780 3.349364e+03  2.203520e+03 8.930530e+02
0.002800 3.355852e+03  2.219373e+03 8.994778e+02
0.002820 3.365163e+03  2.235225e+03 9.059026e+02
0.002840 3.379655e+03  2.251078e+03 9.123275e+02
0.002860 3.414827e+03  2.266931e+03 9.187523e+02
0.002880 3.434344e+03  2.282783e+03 9.251772e+02
0.002900 3.452411e+03  2.298636e+03 9.316020e+02
0.002920 3.482144e+03  2.314488e+03 9.380269e+02
0.002940 3.485079e+03  2.330341e+03 9.444517e+02
0.002960 3.496346e+03  2.346194e+03 9.508765e+02
0.002980 3.509886e+03  2.362046e+03 9.573014e+02
0.003000 3.549044e+03  2.377899e+03 9.637262e+02
0.003020 3.572818e+03  2.393752e+03 9.701511e+02
0.003040 3.595828e+03  2.409604e+03 9.765759e+02
0.003060 3.638739e+03  2.425457e+03 9.830007e+02
0.003080 3.653493e+03  2.441310e+03 9.894256e+02
0.003100 3.665972e+03  2.457162e+03 9.958504e+02
0.003120 3.677368e+03  2.473015e+03 1.002275e+03
0.003140 3.719749e+03  2.488868e+03 1.008700e+03
0.003160 3.742995e+03  2.504720e+03 1.015125e+03
0.003180 3.769326e+03  2.520573e+03 1.021550e+03
0.003200 3.814900e+03  2.536426e+03 1.027975e+03
0.003220 3.841733e+03  2.552278e+03 1.034399e+03
0.003240 3.868797e+03  2.568131e+03 1.040824e+03
0.003260 3.882132e+03  2.583984e+03 1.047249e+03
0.003280 3.916055e+03  2.599836e+03 1.053674e+03
0.003300 3.928560e+03  2.615689e+03 1.060099e+03
0.003320 3.949481e+03  2.631542e+03 1.066524e+03
0.003340 3.993945e+03  2.647394e+03 1.072949e+03
0.003360 4.021015e+03  2.663247e+03 1.079373e+03
0.003380 4.046909e+03  2.679100e+03 1.085798e+03
0.003400 4.069223e+03  2.694952e+03 1.092223e+03
0.003420 4.116235e+03  2.710805e+03 1.098648e+03
0.003440 4.129662e+03  2.726658e+03 1.105073e+03
0.003460 4.141334e+03  2.742510e+03 1.111498e+03
0.003480 4.176069e+03  2.758363e+03 1.117922e+03
0.003500 4.199259e+03  2.774216e+03 1.124347e+03
0.003520 4.226017e+03  2.790068e+03 1.130772e+03
0.003540 4.250612e+03  2.805921e+03 1.137197e+03
0.003560 4.299529e+03  2.821774e+03 1.143622e+03
0.003580 4.324778e+03  2.837626e+03 1.150047e+03
0.003600 4.351611e+03  2.853479e+03 1.156471e+03
0.003620 4.400760e+03  2.869332e+03 1.162896e+03
0.003640 4.419858e+03  2.885184e+03 1.169321e+03
0.003660 4.436818e+03  2.901037e+03 1.175746e+03
0.003680 4.450726e+03  2.916890e+03 1.182171e+03
0.003700 4.498980e+03  2.932742e+03 1.188596e+03
0.003720 4.524325e+03  2.948595e+03 1.195021e+03
0.003740 4.554277e+03  2.964448e+03 1.201445e+03
0.003760 4.602622e+03  2.980300e+03 1.207870e+03
0.003780 4.633514e+03  2.996153e+03 1.214295e+03
0.003800 4.662438e+03  3.012006e+03 1.220720e+03
0.003820 4.689285e+03  3.027858e+03 1.227145e+03
0.003840 4.740887e+03  3.043711e+03 1.233570e+03
0.003860 4.758196e+03  3.059564e+03 1.239994e+03
0.003880 4.772655e+03  3.075416e+03 1.246419e+03
0.003900 4.811767e+03  3.091269e+03 1.252844e+03
0.003920 4.837836e+03  3.107122e+03 1.259269e+03
0.003940 4.867698e+03  3.122974e+03 1.265694e+03
0.003960 4.893486e+03  3.138827e+03 1.272119e+03
0.003980 4.945998e+03  3.154680e+03 1.278543e+03
0.004000 4.971577e+03  3.170532e+03 1.284968e+03
0.004020 5.000099e+03  3.186385e+03 1.291393e+03
0.004040 5.050080e+03  3.202237e+03 1.297818e+03
0.004060 5.071169e+03  3.218090e+03 1.304243e+03
0.004080 5.088499e+03  3.233943e+03 1.310668e+03
0.004100 5.103922e+03  3.249795e+03 1.317092e+03
0.004120 5.153551e+03  3.265648e+03 1.323517e+03
0.004140 5.180229e+03  3.281501e+03 1.329942e+03
0.004160 5.210107e+03  3.297353e+03 1.336367e+03
0.004180 5.260585e+03  3.313206e+03 1.342792e+03
0.004200 5.291790e+03  3.329059e+03 1.349217e+03
0.004220 5.322427e+03  3.344911e+03 1.355642e+03
0.004240 5.349294e+03  3.360764e+03 1.362066e+03
0.004260 5.404026e+03  3.376617e+03 1.368491e+03
0.004280 5.421806e+03  3.392469e+03 1.374916e+03
0.004300 5.438719e+03  3.408322e+03 1.381341e+03
0.004320 5.479479e+03  3.424175e+03 1.387766e+03
0.004340 5.508372e+03  3.440027e+03 1.394191e+03
0.004360 5.538905e+03  3.455880e+03 1.400615e+03
0.004380 5.566385e+03  3.471733e+03 1.407040e+03
0.004400 5.620343e+03  3.487585e+03 1.413465e+03
0.004420 5.647376e+03  3.503438e+03 1.419890e+03
0.004440 5.675799e+03  3.519291e+03 1.426315e+03
0.004460 5.727860e+03  3.535143e+03 1.432740e+03
0.004480 5.759791e+03  3.550996e+03 1.439164e+03
0.004500 5.781765e+03  3.566849e+03 1.445589e+03
0.004520 5.795397e+03  3.582701e+03 1.452014e+03
0.004540 5.840471e+03  3.598554e+03 1.458439e+03
0.004560 5.864154e+03  3.614407e+03 1.464864e+03
0.004580 5.893260e+03  3.630259e+03 1.471289e+03
0.004600 5.945127e+03  3.646112e+03 1.477714e+03
0.004620 5.976354e+03  3.661965e+03 1.484138e+03
0.004640 6.006693e+03  3.677817e+03 1.490563e+03
0.004660 6.032264e+03  3.693670e+03 1.496988e+03
0.004680 6.087961e+03  3.709523e+03 1.503413e+03
0.004700 6.105263e+03  3.725375e+03 1.509838e+03
0.004720 6.122523e+03  3.741228e+03 1.516263e+03
0.004740 6.163606e+03  3.757081e+03 1.522687e+03
0.004760 6.192569e+03  3.772933e+03 1.529112e+03
0.004780 6.222510e+03  3.788786e+03 1.535537e+03
0.004800 6.248853e+03  3.804639e+03 1.541962e+03
0.004820 6.303198e+03  3.820491e+03 1.548387e+03
0.004840 6.329267e+03  3.836344e+03 1.554812e+03
0.004860 6.357367e+03  3.852197e+03 1.561236e+03
0.004880 6.409276e+03  3.868049e+03 1.567661e+03
0.004900 6.441147e+03  3.883902e+03 1.574086e+03
0.004920 6.462782e+03  3.899755e+03 1.580511e+03
0.004940 6.476484e+03  3.915607e+03 1.586936e+03
0.004960 6.522555e+03  3.931460e+03 1.593361e+03
0.004980 6.546265e+03  3.947313e+03 1.599786e+03
0.005000 6.574408e+03  3.963165e+03 1.606210e+03
0.005020 6.628951e+03  3.979018e+03 1.612635e+03
0.005040 6.657784e+03  3.994871e+03 1.619060e+03
0.005060 6.678652e+03  4.010723e+03 1.625485e+03
0.005080 6.699377e+03  4.026576e+03 1.631910e+03
0.005100 6.745696e+03  4.042429e+03 1.638335e+03
0.005120 6.759915e+03  4.058281e+03 1.644759e+03
0.005140 6.775400e+03  4.074134e+03 1.651184e+03
0.005160 6.805929e+03  4.089987e+03 1.657609e+03
0.005180 6.822305e+03  4.105839e+03 1.664034e+03
0.005200 6.843796e+03  4.121692e+03 1.670459e+03
0.005220 6.861868e+03  4.137544e+03 1.676884e+03
0.005240 6.907202e+03  4.153397e+03 1.683308e+03
0.005260 6.921757e+03  4.169250e+03 1.689733e+03
0.005280 6.993807e+03  4.185102e+03 1.696158e+03
0.005300 7.148687e+03  4.200955e+03 1.702583e+03
0.005320 7.294460e+03  4.216808e+03 1.709008e+03
0.005340 7.438011e+03  4.232660e+03 1.715433e+03
0.005360 7.539310e+03  4.248513e+03 1.721858e+03
0.005380 7.633093e+03  4.264366e+03 1.728282e+03
0.005400 7.716266e+03  4.280218e+03 1.734707e+03
0.005420 7.823481e+03  4.296071e+03 1.741132e+03
0.005440 7.937914e+03  4.311924e+03 1.747557e+03
0.005460 8.053891e+03  4.327776e+03 1.753982e+03
0.005480 8.134799e+03  4.343629e+03 1.760407e+03
0.005500 8.194378e+03  4.359482e+03 1.766831e+03
0.005520 8.281204e+03  4.375334e+03 1.773256e+03
0.005540 8.355774e+03  4.391187e+03 1.779681e+03
0.005560 8.424057e+03  4.407040e+03 1.786106e+03
0.005580 8.491970e+03  4.422892e+03 1.792531e+03
0.005600 8.559562e+03  4.438745e+03 1.798956e+03
0.005620 8.617382e+03  4.454598e+03 1.805380e+03
0.005640 8.648444e+03  4.470450e+03 1.811805e+03
0.005660 8.673688e+03  4.486303e+03 1.818230e+03
0.005680 8.716880e+03  4.502156e+03 1.824655e+03
0.005700 8.776739e+03  4.518008e+03 1.831080e+03
0.005720 8.835750e+03  4.533861e+03 1.837505e+03
0.005740 8.868540e+03  4.549714e+03 1.843929e+03
0.005760 8.903204e+03  4.565566e+03 1.850354e+03
0.005780 8.904666e+03  4.581419e+03 1.856779e+03
0.005800 8.930864e+03  4.597272e+03 1.863204e+03
0.005820 8.937154e+03  4.613124e+03 1.869629e+03
0.005840 8.950907e+03  4.628977e+03 1.876054e+03
0.005860 8.983843e+03  4.644830e+03 1.882479e+03
0.005880 8.990400e+03  4.660682e+03 1.888903e+03
0.005900 9.062292e+03  4.676535e+03 1.895328e+03
0.005920 9.122703e+03  4.692388e+03 1.901753e+03
0.005940 9.188138e+03  4.708240e+03 1.908178e+03
0.005960 9.220603e+03  4.724093e+03 1.914603e+03
0.005980 9.291128e+03  4.739946e+03 1.921028e+03
0.006000 9.341897e+03  4.755798e+03 1.927452e+03
0.006020 9.401506e+03  4.771651e+03 1.933877e+03
0.006040 9.513230e+03  4.787504e+03 1.940302e+03
0.006060 9.591135e+03  4.803356e+03 1.946727e+03
0.006080 9.637554e+03  4.819209e+03 1.953152e+03
0.006100 9.668582e+03  4.835062e+03 1.959577e+03
