0 3.92731e-07
1 3.92731e-07
2 3.92731e-07
3 3.92731e-07
4 3.92731e-07
5 3.92731e-07
6 3.92731e-07
7 3.92731e-07
8 3.92731e-07
9 3.92731e-07
10 3.92731e-07
11 3.92731e-07
12 3.92731e-07
13 3.92731e-07
14 3.92731e-07
15 3.92731e-07
16 3.92731e-07
17 3.92731e-07
18 3.92731e-07
19 3.92731e-07
20 3.92731e-07
21 3.92731e-07
22 3.92731e-07
23 3.92731e-07
24 3.92731e-07
25 3.92731e-07
26 3.92731e-07
27 3.92731e-07
28 4.57096e-07
29 4.57096e-07
30 4.57096e-07
31 4.57096e-07
32 4.57096e-07
33 4.57096e-07
34 4.57096e-07
35 4.57096e-07
36 4.57096e-07
37 4.57096e-07
38 4.57096e-07
39 4.57096e-07
40 4.57096e-07
41 4.57096e-07
42 4.57096e-07
43 4.57096e-07
44 4.57096e-07
45 4.57096e-07
46 4.57096e-07
47 4.57096e-07
48 4.57096e-07
49 4.57096e-07
50 4.57096e-07
51 4.57096e-07
52 4.57096e-07
53 4.57096e-07
54 4.57096e-07
55 4.57096e-07
56 4.57096e-07
57 4.42053e-07
58 4.42053e-07
59 4.42053e-07
60 4.42053e-07
61 4.42053e-07
62 4.42053e-07
63 4.42053e-07
64 4.42053e-07
65 4.42053e-07
66 4.42053e-07
67 4.42053e-07
68 4.42053e-07
69 4.42053e-07
70 4.42053e-07
71 4.42053e-07
72 4.42053e-07
73 4.42053e-07
74 4.42053e-07
75 4.42053e-07
76 4.42053e-07
77 4.42053e-07
78 4.42053e-07
79 4.42053e-07
80 4.42053e-07
81 4.42053e-07
82 4.42053e-07
83 4.42053e-07
84 4.42053e-07
85 4.42053e-07
86 3.58852e-07
87 3.58852e-07
88 3.58852e-07
89 3.58852e-07
90 3.58852e-07
91 3.58852e-07
92 3.58852e-07
93 3.58852e-07
94 3.58852e-07
95 3.58852e-07
96 3.58852e-07
97 3.58852e-07
98 3.58852e-07
99 3.58852e-07
100 3.58852e-07
101 3.58852e-07
102 3.58852e-07
103 3.58852e-07
104 3.58852e-07
105 3.58852e-07
106 3.58852e-07
107 3.58852e-07
108 3.58852e-07
109 3.58852e-07
110 3.58852e-07
111 3.58852e-07
112 3.58852e-07
113 3.58852e-07
114 2.2908e-07
115 2.2908e-07
116 2.2908e-07
117 2.2908e-07
118 2.2908e-07
119 2.2908e-07
120 2.2908e-07
121 2.2908e-07
122 2.2908e-07
123 2.2908e-07
124 2.2908e-07
125 2.2908e-07
126 2.2908e-07
127 2.2908e-07
128 2.2908e-07
129 2.2908e-07
130 2.2908e-07
131 2.2908e-07
132 2.2908e-07
133 2.2908e-07
134 2.2908e-07
135 2.2908e-07
136 2.2908e-07
137 2.2908e-07
138 2.2908e-07
139 2.2908e-07
140 2.2908e-07
141 2.2908e-07
142 2.2908e-07
143 7.77567e-08
144 7.77567e-08
145 7.77567e-08
146 7.77567e-08
147 7.77567e-08
148 7.77567e-08
149 7.77567e-08
150 7.77567e-08
151 7.77567e-08
152 7.77567e-08
153 7.77567e-08
154 7.77567e-08
155 7.77567e-08
156 7.77567e-08
157 7.77567e-08
158 7.77567e-08
159 7.77567e-08
160 7.77567e-08
161 7.77567e-08
162 7.77567e-08
163 7.77567e-08
164 7.77567e-08
165 7.77567e-08
166 7.77567e-08
167 7.77567e-08
168 7.77567e-08
169 7.77567e-08
170 7.77567e-08
171 -6.76196e-08
172 -6.76196e-08
173 -6.76196e-08
174 -6.76196e-08
175 -6.76196e-08
176 -6.76196e-08
177 -6.76196e-08
178 -6.76196e-08
179 -6.76196e-08
180 -6.76196e-08
181 -6.76196e-08
182 -6.76196e-08
183 -6.76196e-08
184 -6.76196e-08
185 -6.76196e-08
186 -6.76196e-08
187 -6.76196e-08
188 -6.76196e-08
189 -6.76196e-08
190 -6.76196e-08
191 -6.76196e-08
192 -6.76196e-08
193 -6.76196e-08
194 -6.76196e-08
195 -6.76196e-08
196 -6.76196e-08
197 -6.76196e-08
198 -6.76196e-08
199 -6.76196e-08
200 -1.86624e-07
201 -1.86624e-07
202 -1.86624e-07
203 -1.86624e-07
204 -1.86624e-07
205 -1.86624e-07
206 -1.86624e-07
207 -1.86624e-07
208 -1.86624e-07
209 -1.86624e-07
210 -1.86624e-07
211 -1.86624e-07
212 -1.86624e-07
213 -1.86624e-07
214 -1.86624e-07
215 -1.86624e-07
216 -1.86624e-07
217 -1.86624e-07
218 -1.86624e-07
219 -1.86624e-07
220 -1.86624e-07
221 -1.86624e-07
222 -1.86624e-07
223 -1.86624e-07
224 -1.86624e-07
225 -1.86624e-07
226 -1.86624e-07
227 -1.86624e-07
228 -1.86624e-07
229 -2.61181e-07
230 -2.61181e-07
231 -2.61181e-07
232 -2.61181e-07
233 -2.61181e-07
234 -2.61181e-07
235 -2.61181e-07
236 -2.61181e-07
237 -2.61181e-07
238 -2.61181e-07
239 -2.61181e-07
240 -2.61181e-07
241 -2.61181e-07
242 -2.61181e-07
243 -2.61181e-07
244 -2.61181e-07
245 -2.61181e-07
246 -2.61181e-07
247 -2.61181e-07
248 -2.61181e-07
249 -2.61181e-07
250 -2.61181e-07
251 -2.61181e-07
252 -2.61181e-07
253 -2.61181e-07
254 -2.61181e-07
255 -2.61181e-07
256 -2.61181e-07
257 -2.88218e-07
258 -2.88218e-07
259 -2.88218e-07
260 -2.88218e-07
261 -2.88218e-07
262 -2.88218e-07
263 -2.88218e-07
264 -2.88218e-07
265 -2.88218e-07
266 -2.88218e-07
267 -2.88218e-07
268 -2.88218e-07
269 -2.88218e-07
270 -2.88218e-07
271 -2.88218e-07
272 -2.88218e-07
273 -2.88218e-07
274 -2.88218e-07
275 -2.88218e-07
276 -2.88218e-07
277 -2.88218e-07
278 -2.88218e-07
279 -2.88218e-07
280 -2.88218e-07
281 -2.88218e-07
282 -2.88218e-07
283 -2.88218e-07
284 -2.88218e-07
285 -2.88218e-07
286 -2.64273e-07
287 -2.64273e-07
288 -2.64273e-07
289 -2.64273e-07
290 -2.64273e-07
291 -2.64273e-07
292 -2.64273e-07
293 -2.64273e-07
294 -2.64273e-07
295 -2.64273e-07
296 -2.64273e-07
297 -2.64273e-07
298 -2.64273e-07
299 -2.64273e-07
300 -2.64273e-07
301 -2.64273e-07
302 -2.64273e-07
303 -2.64273e-07
304 -2.64273e-07
305 -2.64273e-07
306 -2.64273e-07
307 -2.64273e-07
308 -2.64273e-07
309 -2.64273e-07
310 -2.64273e-07
311 -2.64273e-07
312 -2.64273e-07
313 -2.64273e-07
314 -2.05547e-07
315 -2.05547e-07
316 -2.05547e-07
317 -2.05547e-07
318 -2.05547e-07
319 -2.05547e-07
320 -2.05547e-07
321 -2.05547e-07
322 -2.05547e-07
323 -2.05547e-07
324 -2.05547e-07
325 -2.05547e-07
326 -2.05547e-07
327 -2.05547e-07
328 -2.05547e-07
329 -2.05547e-07
330 -2.05547e-07
331 -2.05547e-07
332 -2.05547e-07
333 -2.05547e-07
334 -2.05547e-07
335 -2.05547e-07
336 -2.05547e-07
337 -2.05547e-07
338 -2.05547e-07
339 -2.05547e-07
340 -2.05547e-07
341 -2.05547e-07
342 -2.05547e-07
343 -1.16625e-07
344 -1.16625e-07
345 -1.16625e-07
346 -1.16625e-07
347 -1.16625e-07
348 -1.16625e-07
349 -1.16625e-07
350 -1.16625e-07
351 -1.16625e-07
352 -1.16625e-07
353 -1.16625e-07
354 -1.16625e-07
355 -1.16625e-07
356 -1.16625e-07
357 -1.16625e-07
358 -1.16625e-07
359 -1.16625e-07
360 -1.16625e-07
361 -1.16625e-07
362 -1.16625e-07
363 -1.16625e-07
364 -1.16625e-07
365 -1.16625e-07
366 -1.16625e-07
367 -1.16625e-07
368 -1.16625e-07
369 -1.16625e-07
370 -1.16625e-07
371 -1.16625e-07
372 -2.64515e-08
373 -2.64515e-08
374 -2.64515e-08
375 -2.64515e-08
376 -2.64515e-08
377 -2.64515e-08
378 -2.64515e-08
379 -2.64515e-08
380 -2.64515e-08
381 -2.64515e-08
382 -2.64515e-08
383 -2.64515e-08
384 -2.64515e-08
385 -2.64515e-08
386 -2.64515e-08
387 -2.64515e-08
388 -2.64515e-08
389 -2.64515e-08
390 -2.64515e-08
391 -2.64515e-08
392 -2.64515e-08
393 -2.64515e-08
394 -2.64515e-08
395 -2.64515e-08
396 -2.64515e-08
397 -2.64515e-08
398 -2.64515e-08
399 -2.64515e-08
400 6.55496e-08
401 6.55496e-08
402 6.55496e-08
403 6.55496e-08
404 6.55496e-08
405 6.55496e-08
406 6.55496e-08
407 6.55496e-08
408 6.55496e-08
409 6.55496e-08
410 6.55496e-08
411 6.55496e-08
412 6.55496e-08
413 6.55496e-08
414 6.55496e-08
415 6.55496e-08
416 6.55496e-08
417 6.55496e-08
418 6.55496e-08
419 6.55496e-08
420 6.55496e-08
421 6.55496e-08
422 6.55496e-08
423 6.55496e-08
424 6.55496e-08
425 6.55496e-08
426 6.55496e-08
427 6.55496e-08
428 6.55496e-08
429 1.25781e-07
430 1.25781e-07
431 1.25781e-07
432 1.25781e-07
433 1.25781e-07
434 1.25781e-07
435 1.25781e-07
436 1.25781e-07
437 1.25781e-07
438 1.25781e-07
439 1.25781e-07
440 1.25781e-07
441 1.25781e-07
442 1.25781e-07
443 1.25781e-07
444 1.25781e-07
445 1.25781e-07
446 1.25781e-07
447 1.25781e-07
448 1.25781e-07
449 1.25781e-07
450 1.25781e-07
451 1.25781e-07
452 1.25781e-07
453 1.25781e-07
454 1.25781e-07
455 1.25781e-07
456 1.25781e-07
457 1.72245e-07
458 1.72245e-07
459 1.72245e-07
460 1.72245e-07
461 1.72245e-07
462 1.72245e-07
463 1.72245e-07
464 1.72245e-07
465 1.72245e-07
466 1.72245e-07
467 1.72245e-07
468 1.72245e-07
469 1.72245e-07
470 1.72245e-07
471 1.72245e-07
472 1.72245e-07
473 1.72245e-07
474 1.72245e-07
475 1.72245e-07
476 1.72245e-07
477 1.72245e-07
478 1.72245e-07
479 1.72245e-07
480 1.72245e-07
481 1.72245e-07
482 1.72245e-07
483 1.72245e-07
484 1.72245e-07
485 1.72245e-07
486 1.70089e-07
487 1.70089e-07
488 1.70089e-07
489 1.70089e-07
490 1.70089e-07
491 1.70089e-07
492 1.70089e-07
493 1.70089e-07
494 1.70089e-07
495 1.70089e-07
496 1.70089e-07
497 1.70089e-07
498 1.70089e-07
499 1.70089e-07
500 1.70089e-07
501 1.70089e-07
502 1.70089e-07
503 1.70089e-07
504 1.70089e-07
505 1.70089e-07
506 1.70089e-07
507 1.70089e-07
508 1.70089e-07
509 1.70089e-07
510 1.70089e-07
511 1.70089e-07
512 1.70089e-07
513 1.70089e-07
514 1.70089e-07
515 1.60491e-07
516 1.60491e-07
517 1.60491e-07
518 1.60491e-07
519 1.60491e-07
520 1.60491e-07
521 1.60491e-07
522 1.60491e-07
523 1.60491e-07
524 1.60491e-07
525 1.60491e-07
526 1.60491e-07
527 1.60491e-07
528 1.60491e-07
529 1.60491e-07
530 1.60491e-07
531 1.60491e-07
532 1.60491e-07
533 1.60491e-07
534 1.60491e-07
535 1.60491e-07
536 1.60491e-07
537 1.60491e-07
538 1.60491e-07
539 1.60491e-07
540 1.60491e-07
541 1.60491e-07
542 1.60491e-07
543 1.04216e-07
544 1.04216e-07
545 1.04216e-07
546 1.04216e-07
547 1.04216e-07
548 1.04216e-07
549 1.04216e-07
550 1.04216e-07
551 1.04216e-07
552 1.04216e-07
553 1.04216e-07
554 1.04216e-07
555 1.04216e-07
556 1.04216e-07
557 1.04216e-07
558 1.04216e-07
559 1.04216e-07
560 1.04216e-07
561 1.04216e-07
562 1.04216e-07
563 1.04216e-07
564 1.04216e-07
565 1.04216e-07
566 1.04216e-07
567 1.04216e-07
568 1.04216e-07
569 1.04216e-07
570 1.04216e-07
571 1.04216e-07
572 6.35281e-08
573 6.35281e-08
574 6.35281e-08
575 6.35281e-08
576 6.35281e-08
577 6.35281e-08
578 6.35281e-08
579 6.35281e-08
580 6.35281e-08
581 6.35281e-08
582 6.35281e-08
583 6.35281e-08
584 6.35281e-08
585 6.35281e-08
586 6.35281e-08
587 6.35281e-08
588 6.35281e-08
589 6.35281e-08
590 6.35281e-08
591 6.35281e-08
592 6.35281e-08
593 6.35281e-08
594 6.35281e-08
595 6.35281e-08
596 6.35281e-08
597 6.35281e-08
598 6.35281e-08
599 6.35281e-08
600 -1.17971e-08
601 -1.17971e-08
602 -1.17971e-08
603 -1.17971e-08
604 -1.17971e-08
605 -1.17971e-08
606 -1.17971e-08
607 -1.17971e-08
608 -1.17971e-08
609 -1.17971e-08
610 -1.17971e-08
611 -1.17971e-08
612 -1.17971e-08
613 -1.17971e-08
614 -1.17971e-08
615 -1.17971e-08
616 -1.17971e-08
617 -1.17971e-08
618 -1.17971e-08
619 -1.17971e-08
620 -1.17971e-08
621 -1.17971e-08
622 -1.17971e-08
623 -1.17971e-08
624 -1.17971e-08
625 -1.17971e-08
626 -1.17971e-08
627 -1.17971e-08
628 -1.17971e-08
629 -4.57195e-08
630 -4.57195e-08
631 -4.57195e-08
632 -4.57195e-08
633 -4.57195e-08
634 -4.57195e-08
635 -4.57195e-08
636 -4.57195e-08
637 -4.57195e-08
638 -4.57195e-08
639 -4.57195e-08
640 -4.57195e-08
641 -4.57195e-08
642 -4.57195e-08
643 -4.57195e-08
644 -4.57195e-08
645 -4.57195e-08
646 -4.57195e-08
647 -4.57195e-08
648 -4.57195e-08
649 -4.57195e-08
650 -4.57195e-08
651 -4.57195e-08
652 -4.57195e-08
653 -4.57195e-08
654 -4.57195e-08
655 -4.57195e-08
656 -4.57195e-08
657 -4.57195e-08
658 -1.04506e-07
659 -1.04506e-07
660 -1.04506e-07
661 -1.04506e-07
662 -1.04506e-07
663 -1.04506e-07
664 -1.04506e-07
665 -1.04506e-07
666 -1.04506e-07
667 -1.04506e-07
668 -1.04506e-07
669 -1.04506e-07
670 -1.04506e-07
671 -1.04506e-07
672 -1.04506e-07
673 -1.04506e-07
674 -1.04506e-07
675 -1.04506e-07
676 -1.04506e-07
677 -1.04506e-07
678 -1.04506e-07
679 -1.04506e-07
680 -1.04506e-07
681 -1.04506e-07
682 -1.04506e-07
683 -1.04506e-07
684 -1.04506e-07
685 -1.04506e-07
686 -1.03556e-07
687 -1.03556e-07
688 -1.03556e-07
689 -1.03556e-07
690 -1.03556e-07
691 -1.03556e-07
692 -1.03556e-07
693 -1.03556e-07
694 -1.03556e-07
695 -1.03556e-07
696 -1.03556e-07
697 -1.03556e-07
698 -1.03556e-07
699 -1.03556e-07
700 -1.03556e-07
701 -1.03556e-07
702 -1.03556e-07
703 -1.03556e-07
704 -1.03556e-07
705 -1.03556e-07
706 -1.03556e-07
707 -1.03556e-07
708 -1.03556e-07
709 -1.03556e-07
710 -1.03556e-07
711 -1.03556e-07
712 -1.03556e-07
713 -1.03556e-07
714 -1.03556e-07
715 -1.28284e-07
716 -1.28284e-07
717 -1.28284e-07
718 -1.28284e-07
719 -1.28284e-07
720 -1.28284e-07
721 -1.28284e-07
722 -1.28284e-07
723 -1.28284e-07
724 -1.28284e-07
725 -1.28284e-07
726 -1.28284e-07
727 -1.28284e-07
728 -1.28284e-07
729 -1.28284e-07
730 -1.28284e-07
731 -1.28284e-07
732 -1.28284e-07
733 -1.28284e-07
734 -1.28284e-07
735 -1.28284e-07
736 -1.28284e-07
737 -1.28284e-07
738 -1.28284e-07
739 -1.28284e-07
740 -1.28284e-07
741 -1.28284e-07
742 -1.28284e-07
743 -6.59448e-08
744 -6.59448e-08
745 -6.59448e-08
746 -6.59448e-08
747 -6.59448e-08
748 -6.59448e-08
749 -6.59448e-08
750 -6.59449e-08
751 -6.59449e-08
752 -6.59451e-08
753 -6.59451e-08
754 -6.59457e-08
755 -6.59457e-08
756 -6.59473e-08
757 -6.59473e-08
758 -6.59512e-08
759 -6.59512e-08
760 -6.59604e-08
761 -6.59604e-08
762 -6.59814e-08
763 -6.59814e-08
764 -6.60274e-08
765 -6.60274e-08
766 -6.61239e-08
767 -6.61239e-08
768 -6.63174e-08
769 -6.63174e-08
770 -6.66884e-08
771 -6.66884e-08
772 -5.18982e-08
773 -5.18982e-08
774 -5.20858e-08
775 -5.20858e-08
776 -5.20598e-08
777 -5.20598e-08
778 -5.13233e-08
779 -5.13233e-08
780 -4.88258e-08
781 -4.88258e-08
782 -4.25641e-08
783 -4.25641e-08
784 -2.90218e-08
785 -2.90218e-08
786 -2.45485e-09
787 -2.45485e-09
788 4.5922e-08
789 4.5922e-08
790 1.28733e-07
791 1.28733e-07
792 2.63051e-07
793 2.63051e-07
794 4.70603e-07
795 4.70603e-07
796 7.77373e-07
797 7.77373e-07
798 1.21242e-06
799 1.21242e-06
800 1.80582e-06
801 4.75052e-06
802 6.42606e-06
803 6.42606e-06
804 8.50046e-06
805 8.50046e-06
806 1.09944e-05
807 1.09944e-05
808 1.39059e-05
809 1.39059e-05
810 1.72055e-05
811 1.72055e-05
812 2.08335e-05
813 2.08335e-05
814 2.47022e-05
815 2.47022e-05
816 2.87047e-05
817 2.87047e-05
818 3.27305e-05
819 3.27305e-05
820 3.66864e-05
821 3.66864e-05
822 4.05172e-05
823 4.05172e-05
824 4.42211e-05
825 4.42211e-05
826 4.78508e-05
827 4.78508e-05
828 5.14987e-05
829 0.000108321
830 0.000116282
831 0.000116282
832 0.000124225
833 0.000124225
834 0.000132091
835 0.000132091
836 0.000139752
837 0.000139752
838 0.000147041
839 0.000147041
840 0.000153797
841 0.000153797
842 0.000159897
843 0.000159897
844 0.000165293
845 0.000165293
846 0.000170019
847 0.000170019
848 0.00017419
849 0.00017419
850 0.000178007
851 0.000178007
852 0.00018177
853 0.00018177
854 0.000185894
855 0.000185894
856 0.000190907
857 0.000190907
858 0.000408366
859 0.000408366
860 0.000426512
861 0.000426512
862 0.000448415
863 0.000448415
864 0.000473869
865 0.000473869
866 0.000502005
867 0.000502005
868 0.000531389
869 0.000531389
870 0.000560336
871 0.000560336
872 0.000587378
873 0.000587378
874 0.000611742
875 0.000611742
876 0.00063371
877 0.00063371
878 0.00065475
879 0.00065475
880 0.000677342
881 0.000677342
882 0.000704567
883 0.000704567
884 0.000739537
885 0.000739537
886 0.00156204
887 0.00156204
888 0.00167184
889 0.00167184
890 0.00180121
891 0.00180121
892 0.00194929
893 0.00194929
894 0.00211414
895 0.00211414
896 0.00229331
897 0.00229331
898 0.00248469
899 0.00248469
900 0.00268715
901 0.00268715
902 0.00290131
903 0.00290131
904 0.00312999
905 0.00312999
906 0.00337862
907 0.00337862
908 0.00365536
909 0.00365536
910 0.00397127
911 0.00397127
912 0.00434025
913 0.00434025
914 0.00477918
915 0.00844359
916 0.00937486
917 0.00937486
918 0.0105013
919 0.0105013
920 0.011876
921 0.011876
922 0.0135667
923 0.0135667
924 0.0156617
925 0.0156617
926 0.018277
927 0.018277
928 0.0215722
929 0.0215722
930 0.0257659
931 0.0257659
932 0.0311022
933 0.0311022
934 0.0377496
935 0.0377496
936 0.0457089
937 0.0457089
938 0.0547936
939 0.0547936
940 0.0646606
941 0.0646606
942 0.0748555
943 0.0748555
944 0.205571
945 0.205571
946 0.236412
947 0.236412
948 0.265322
949 0.265322
950 0.291014
951 0.291014
952 0.312544
953 0.312544
954 0.329458
955 0.329458
956 0.341761
957 0.341761
958 0.349566
959 0.349566
960 0.353053
961 0.353053
962 0.352875
963 0.352875
964 0.349847
965 0.349847
966 0.344452
967 0.344452
968 0.336558
969 0.336558
970 0.325896
971 0.325896
972 0.329967
973 0.329967
974 0.321963
975 0.321963
976 0.311133
977 0.311133
978 0.296442
979 0.296442
980 0.278569
981 0.278569
982 0.255323
983 0.255323
984 0.250052
985 0.250052
986 0.249603
987 0.249603
988 0.258277
989 0.258277
990 0.259795
991 0.259795
992 0.253765
993 0.253765
994 0.244959
995 0.244959
996 0.236153
997 0.236153
998 0.230114
999 0.230114
1000 0.227285
1001 0
1002 0
1003 0
1004 0
1005 0
1006 0
1007 0
1008 0
1009 0
1010 0
1011 0
1012 0
1013 0
1014 0
1015 0
1016 0
1017 0
1018 0
1019 0
1020 0
1021 0
1022 0
1023 0
1024 0
1025 0
1026 0
1027 0
1028 0
1029 0
1030 0
1031 0
1032 0
1033 0
1034 0
1035 0
1036 0
1037 0
1038 0
1039 0
1040 0
1041 0
1042 0
1043 0
1044 0
1045 0
1046 0
1047 0
1048 0
1049 0
1050 0
1051 0
1052 0
1053 0
1054 0
1055 0
1056 0
1057 0
1058 0
1059 0
1060 0
1061 0
1062 0
1063 0
1064 0
1065 0
1066 0
1067 0
1068 0
1069 0
1070 0
1071 0
1072 0
1073 0
1074 0
1075 0
1076 0
1077 0
1078 0
1079 0
1080 0
1081 0
1082 0
1083 0
1084 0
1085 0
1086 0
1087 0
1088 0
1089 0
1090 0
1091 0
1092 0
1093 0
1094 0
1095 0
1096 0
1097 0
1098 0
1099 0
1100 0
1101 0
1102 0
1103 0
1104 0
1105 0
1106 0
1107 0
1108 0
1109 0
1110 0
1111 0
1112 0
1113 0
1114 0
1115 0
1116 0
1117 0
1118 0
1119 0
1120 0
1121 0
1122 0
1123 0
1124 0
1125 0
1126 0
1127 0
1128 0
1129 0
1130 0
1131 0
1132 0
1133 0
1134 0
1135 0
1136 0
1137 0
1138 0
1139 0
1140 0
1141 0
1142 0
1143 0
1144 0
1145 0
1146 0
1147 0
1148 0
1149 0
1150 0
1151 0
1152 0
1153 0
1154 0
1155 0
1156 0
1157 0
1158 0
1159 0
1160 0
1161 0
1162 0
1163 0
1164 0
1165 0
1166 0
1167 0
1168 0
1169 0
1170 0
1171 0
1172 0
1173 0
1174 0
1175 0
1176 0
1177 0
1178 0
1179 0
1180 0
1181 0
1182 0
1183 0
1184 0
1185 0
1186 0
1187 0
1188 0
1189 0
1190 0
1191 0
1192 0
1193 0
1194 0
1195 0
1196 0
1197 0
1198 0
1199 0
1200 0
1201 0
1202 0
1203 0
1204 0
1205 0
1206 0
1207 0
1208 0
1209 0
1210 0
1211 0
1212 0
1213 0
1214 0
1215 0
1216 0
1217 0
1218 0
1219 0
1220 0
1221 0
1222 0
1223 0
1224 0
1225 0
1226 0
1227 0
1228 0
1229 0
1230 0
1231 0
1232 0
1233 0
1234 0
1235 0
1236 0
1237 0
1238 0
1239 0
1240 0
1241 0
1242 0
1243 0
1244 0
1245 0
1246 0
1247 0
1248 0
1249 0
1250 0
1251 0
1252 0
1253 0
1254 0
1255 0
1256 0
1257 0
1258 0
1259 0
1260 0
1261 0
1262 0
1263 0
1264 0
1265 0
1266 0
1267 0
1268 0
1269 0
1270 0
1271 0
1272 0
1273 0
1274 0
1275 0
1276 0
1277 0
1278 0
1279 0
1280 0
1281 0
1282 0
1283 0
1284 0
1285 0
1286 0
1287 0
1288 0
1289 0
1290 0
1291 0
1292 0
1293 0
1294 0
1295 0
1296 0
1297 0
1298 0
1299 0
1300 0
1301 0
1302 0
1303 0
1304 0
1305 0
1306 0
1307 0
1308 0
1309 0
1310 0
1311 0
1312 0
1313 0
1314 0
1315 0
1316 0
1317 0
1318 0
1319 0
1320 0
1321 0
1322 0
1323 0
1324 0
1325 0
1326 0
1327 0
1328 0
1329 0
1330 0
1331 0
1332 0
1333 0
1334 0
1335 0
1336 0
1337 0
1338 0
1339 0
1340 0
1341 0
1342 0
1343 0
1344 0
1345 0
1346 0
1347 0
1348 0
1349 0
1350 0
1351 0
1352 0
1353 0
1354 0
1355 0
1356 0
1357 0
1358 0
1359 0
1360 0
1361 0
1362 0
1363 0
1364 0
1365 0
1366 0
1367 0
1368 0
1369 0
1370 0
1371 0
1372 0
1373 0
1374 0
1375 0
1376 0
1377 0
1378 0
1379 0
1380 0
1381 0
1382 0
1383 0
1384 0
1385 0
1386 0
1387 0
1388 0
1389 0
1390 0
1391 0
1392 0
1393 0
1394 0
1395 0
1396 0
1397 0
1398 0
1399 0
1400 0
1401 0
1402 0
1403 0
1404 0
1405 0
1406 0
1407 0
1408 0
1409 0
1410 0
1411 0
1412 0
1413 0
1414 0
1415 0
1416 0
1417 0
1418 0
1419 0
1420 0
1421 0
1422 0
1423 0
1424 0
1425 0
1426 0
1427 0
1428 0
1429 0
1430 0
1431 0
1432 0
1433 0
1434 0
1435 0
1436 0
1437 0
1438 0
1439 0
1440 0
1441 0
1442 0
1443 0
1444 0
1445 0
1446 0
1447 0
1448 0
1449 0
1450 0
1451 0
1452 0
1453 0
1454 0
1455 0
1456 0
1457 0
1458 0
1459 0
1460 0
1461 0
1462 0
1463 0
1464 0
1465 0
1466 0
1467 0
1468 0
1469 0
1470 0
1471 0
1472 0
1473 0
1474 0
1475 0
1476 0
1477 0
1478 0
1479 0
1480 0
1481 0
1482 0
1483 0
1484 0
1485 0
1486 0
1487 0
1488 0
1489 0
1490 0
1491 0
1492 0
1493 0
1494 0
1495 0
1496 0
1497 0
1498 0
1499 0
1500 0
1501 0
1502 0
1503 0
1504 0
1505 0
1506 0
1507 0
1508 0
1509 0
1510 0
1511 0
1512 0
1513 0
1514 0
1515 0
1516 0
1517 0
1518 0
1519 0
1520 0
1521 0
1522 0
1523 0
1524 0
1525 0
1526 0
1527 0
1528 0
1529 0
1530 0
1531 0
1532 0
1533 0
1534 0
1535 0
1536 0
1537 0
1538 0
1539 0
1540 0
1541 0
1542 0
1543 0
1544 0
1545 0
1546 0
1547 0
1548 0
1549 0
1550 0
1551 0
1552 0
1553 0
1554 0
1555 0
1556 0
1557 0
1558 0
1559 0
1560 0
1561 0
1562 0
1563 0
1564 0
1565 0
1566 0
1567 0
1568 0
1569 0
1570 0
1571 0
1572 0
1573 0
1574 0
1575 0
1576 0
1577 0
1578 0
1579 0
1580 0
1581 0
1582 0
1583 0
1584 0
1585 0
1586 0
1587 0
1588 0
1589 0
1590 0
1591 0
1592 0
1593 0
1594 0
1595 0
1596 0
1597 0
1598 0
1599 0
1600 0
1601 0
1602 0
1603 0
1604 0
1605 0
1606 0
1607 0
1608 0
1609 0
1610 0
1611 0
1612 0
1613 0
1614 0
1615 0
1616 0
1617 0
1618 0
1619 0
1620 0
1621 0
1622 0
1623 0
1624 0
1625 0
1626 0
1627 0
1628 0
1629 0
1630 0
1631 0
1632 0
1633 0
1634 0
1635 0
1636 0
1637 0
1638 0
1639 0
1640 0
1641 0
1642 0
1643 0
1644 0
1645 0
1646 0
1647 0
1648 0
1649 0
1650 0
1651 0
1652 0
1653 0
1654 0
1655 0
1656 0
1657 0
1658 0
1659 0
1660 0
1661 0
1662 0
1663 0
1664 0
1665 0
1666 0
1667 0
1668 0
1669 0
1670 0
1671 0
1672 0
1673 0
1674 0
1675 0
1676 0
1677 0
1678 0
1679 0
1680 0
1681 0
1682 0
1683 0
1684 0
1685 0
1686 0
1687 0
1688 0
1689 0
1690 0
1691 0
1692 0
1693 0
1694 0
1695 0
1696 0
1697 0
1698 0
1699 0
1700 0
1701 0
1702 0
1703 0
1704 0
1705 0
1706 0
1707 0
1708 0
1709 0
1710 0
1711 0
1712 0
1713 0
1714 0
1715 0
1716 0
1717 0
1718 0
1719 0
1720 0
1721 0
1722 0
1723 0
1724 0
1725 0
1726 0
1727 0
1728 0
1729 0
1730 0
1731 0
1732 0
1733 0
1734 0
1735 0
1736 0
1737 0
1738 0
1739 0
1740 0
1741 0
1742 0
1743 0
1744 0
1745 0
1746 0
1747 0
1748 0
1749 0
1750 0
1751 0
1752 0
1753 0
1754 0
1755 0
1756 0
1757 0
1758 0
1759 0
1760 0
1761 0
1762 0
1763 0
1764 0
1765 0
1766 0
1767 0
1768 0
1769 0
1770 0
1771 0
1772 0
1773 0
1774 0
1775 0
1776 0
1777 0
1778 0
1779 0
1780 0
1781 0
1782 0
1783 0
1784 0
1785 0
1786 0
1787 0
1788 0
1789 0
1790 0
1791 0
1792 0
1793 0
1794 0
1795 0
1796 0
1797 0
1798 0
1799 0
1800 0
1801 0
1802 0
1803 0
1804 0
1805 0
1806 0
1807 0
1808 0
1809 0
1810 0
1811 0
1812 0
1813 0
1814 0
1815 0
1816 0
1817 0
1818 0
1819 0
1820 0
1821 0
1822 0
1823 0
1824 0
1825 0
1826 0
1827 0
1828 0
1829 0
1830 0
1831 0
1832 0
1833 0
1834 0
1835 0
1836 0
1837 0
1838 0
1839 0
1840 0
1841 0
1842 0
1843 0
1844 0
1845 0
1846 0
1847 0
1848 0
1849 0
1850 0
1851 0
1852 0
1853 0
1854 0
1855 0
1856 0
1857 0
1858 0
1859 0
1860 0
1861 0
1862 0
1863 0
1864 0
1865 0
1866 0
1867 0
1868 0
1869 0
1870 0
1871 0
1872 0
1873 0
1874 0
1875 0
1876 0
1877 0
1878 0
1879 0
1880 0
1881 0
1882 0
1883 0
1884 0
1885 0
1886 0
1887 0
1888 0
1889 0
1890 0
1891 0
1892 0
1893 0
1894 0
1895 0
1896 0
1897 0
1898 0
1899 0
1900 0
1901 0
1902 0
1903 0
1904 0
1905 0
1906 0
1907 0
1908 0
1909 0
1910 0
1911 0
1912 0
1913 0
1914 0
1915 0
1916 0
1917 0
1918 0
1919 0
1920 0
1921 0
1922 0
1923 0
1924 0
1925 0
1926 0
1927 0
1928 0
1929 0
1930 0
1931 0
1932 0
1933 0
1934 0
1935 0
1936 0
1937 0
1938 0
1939 0
1940 0
1941 0
1942 0
1943 0
1944 0
1945 0
1946 0
1947 0
1948 0
1949 0
1950 0
1951 0
1952 0
1953 0
1954 0
1955 0
1956 0
1957 0
1958 0
1959 0
1960 0
1961 0
1962 0
1963 0
1964 0
1965 0
1966 0
1967 0
1968 0
1969 0
1970 0
1971 0
1972 0
1973 0
1974 0
1975 0
1976 0
1977 0
1978 0
1979 0
1980 0
1981 0
1982 0
1983 0
1984 0
1985 0
1986 0
1987 0
1988 0
1989 0
1990 0
1991 0
1992 0
1993 0
1994 0
1995 0
1996 0
1997 0
1998 0
1999 0
2000 0
