0 -3.66718e-09
1 -3.66718e-09
2 -3.66718e-09
3 -3.66718e-09
4 -3.66718e-09
5 -3.66718e-09
6 -3.66718e-09
7 -3.66718e-09
8 -3.66718e-09
9 -3.66718e-09
10 -3.66718e-09
11 -3.66718e-09
12 -3.66718e-09
13 -3.66718e-09
14 -3.66718e-09
15 -3.66718e-09
16 -3.66718e-09
17 -3.66718e-09
18 -3.66718e-09
19 -3.66718e-09
20 -3.66718e-09
21 -3.66718e-09
22 -3.66718e-09
23 -3.66718e-09
24 -3.66718e-09
25 -3.66718e-09
26 -3.66718e-09
27 -3.66718e-09
28 -1.77742e-09
29 -1.77742e-09
30 -1.77742e-09
31 -1.77742e-09
32 -1.77742e-09
33 -1.77742e-09
34 -1.77742e-09
35 -1.77742e-09
36 -1.77742e-09
37 -1.77742e-09
38 -1.77742e-09
39 -1.77742e-09
40 -1.77742e-09
41 -1.77742e-09
42 -1.77742e-09
43 -1.77742e-09
44 -1.77742e-09
45 -1.77742e-09
46 -1.77742e-09
47 -1.77742e-09
48 -1.77742e-09
49 -1.77742e-09
50 -1.77742e-09
51 -1.77742e-09
52 -1.77742e-09
53 -1.77742e-09
54 -1.77742e-09
55 -1.77742e-09
56 -1.77742e-09
57 -1.32673e-09
58 -1.32673e-09
59 -1.32673e-09
60 -1.32673e-09
61 -1.32673e-09
62 -1.32673e-09
63 -1.32673e-09
64 -1.32673e-09
65 -1.32673e-09
66 -1.32673e-09
67 -1.32673e-09
68 -1.32673e-09
69 -1.32673e-09
70 -1.32673e-09
71 -1.32673e-09
72 -1.32673e-09
73 -1.32673e-09
74 -1.32673e-09
75 -1.32673e-09
76 -1.32673e-09
77 -1.32673e-09
78 -1.32673e-09
79 -1.32673e-09
80 -1.32673e-09
81 -1.32673e-09
82 -1.32673e-09
83 -1.32673e-09
84 -1.32673e-09
85 -1.32673e-09
86 8.51742e-10
87 8.51742e-10
88 8.51742e-10
89 8.51742e-10
90 8.51742e-10
91 8.51742e-10
92 8.51742e-10
93 8.51742e-10
94 8.51742e-10
95 8.51742e-10
96 8.51742e-10
97 8.51742e-10
98 8.51742e-10
99 8.51742e-10
100 8.51742e-10
101 8.51742e-10
102 8.51742e-10
103 8.51742e-10
104 8.51742e-10
105 8.51742e-10
106 8.51742e-10
107 8.51742e-10
108 8.51742e-10
109 8.51742e-10
110 8.51742e-10
111 8.51742e-10
112 8.51742e-10
113 8.51742e-10
114 2.96089e-10
115 2.96089e-10
116 2.96089e-10
117 2.96089e-10
118 2.96089e-10
119 2.96089e-10
120 2.96089e-10
121 2.96089e-10
122 2.96089e-10
123 2.96089e-10
124 2.96089e-10
125 2.96089e-10
126 2.96089e-10
127 2.96089e-10
128 2.96089e-10
129 2.96089e-10
130 2.96089e-10
131 2.96089e-10
132 2.96089e-10
133 2.96089e-10
134 2.96089e-10
135 2.96089e-10
136 2.96089e-10
137 2.96089e-10
138 2.96089e-10
139 2.96089e-10
140 2.96089e-10
141 2.96089e-10
142 2.96089e-10
143 2.36564e-09
144 2.36564e-09
145 2.36564e-09
146 2.36564e-09
147 2.36564e-09
148 2.36564e-09
149 2.36564e-09
150 2.36564e-09
151 2.36564e-09
152 2.36564e-09
153 2.36564e-09
154 2.36564e-09
155 2.36564e-09
156 2.36564e-09
157 2.36564e-09
158 2.36564e-09
159 2.36564e-09
160 2.36564e-09
161 2.36564e-09
162 2.36564e-09
163 2.36564e-09
164 2.36564e-09
165 2.36564e-09
166 2.36564e-09
167 2.36564e-09
168 2.36564e-09
169 2.36564e-09
170 2.36564e-09
171 2.3568e-10
172 2.3568e-10
173 2.3568e-10
174 2.3568e-10
175 2.3568e-10
176 2.3568e-10
177 2.3568e-10
178 2.3568e-10
179 2.3568e-10
180 2.3568e-10
181 2.3568e-10
182 2.3568e-10
183 2.3568e-10
184 2.3568e-10
185 2.3568e-10
186 2.3568e-10
187 2.3568e-10
188 2.3568e-10
189 2.3568e-10
190 2.3568e-10
191 2.3568e-10
192 2.3568e-10
193 2.3568e-10
194 2.3568e-10
195 2.3568e-10
196 2.3568e-10
197 2.3568e-10
198 2.3568e-10
199 2.3568e-10
200 2.39422e-09
201 2.39422e-09
202 2.39422e-09
203 2.39422e-09
204 2.39422e-09
205 2.39422e-09
206 2.39422e-09
207 2.39422e-09
208 2.39422e-09
209 2.39422e-09
210 2.39422e-09
211 2.39422e-09
212 2.39422e-09
213 2.39422e-09
214 2.39422e-09
215 2.39422e-09
216 2.39422e-09
217 2.39422e-09
218 2.39422e-09
219 2.39422e-09
220 2.39422e-09
221 2.39422e-09
222 2.39422e-09
223 2.39422e-09
224 2.39422e-09
225 2.39422e-09
226 2.39422e-09
227 2.39422e-09
228 2.39422e-09
229 -1.37664e-09
230 -1.37664e-09
231 -1.37664e-09
232 -1.37664e-09
233 -1.37664e-09
234 -1.37664e-09
235 -1.37664e-09
236 -1.37664e-09
237 -1.37664e-09
238 -1.37664e-09
239 -1.37664e-09
240 -1.37664e-09
241 -1.37664e-09
242 -1.37664e-09
243 -1.37664e-09
244 -1.37664e-09
245 -1.37664e-09
246 -1.37664e-09
247 -1.37664e-09
248 -1.37664e-09
249 -1.37664e-09
250 -1.37664e-09
251 -1.37664e-09
252 -1.37664e-09
253 -1.37664e-09
254 -1.37664e-09
255 -1.37664e-09
256 -1.37664e-09
257 1.5563e-09
258 1.5563e-09
259 1.5563e-09
260 1.5563e-09
261 1.5563e-09
262 1.5563e-09
263 1.5563e-09
264 1.5563e-09
265 1.5563e-09
266 1.5563e-09
267 1.5563e-09
268 1.5563e-09
269 1.5563e-09
270 1.5563e-09
271 1.5563e-09
272 1.5563e-09
273 1.5563e-09
274 1.5563e-09
275 1.5563e-09
276 1.5563e-09
277 1.5563e-09
278 1.5563e-09
279 1.5563e-09
280 1.5563e-09
281 1.5563e-09
282 1.5563e-09
283 1.5563e-09
284 1.5563e-09
285 1.5563e-09
286 -3.62765e-09
287 -3.62765e-09
288 -3.62765e-09
289 -3.62765e-09
290 -3.62765e-09
291 -3.62765e-09
292 -3.62765e-09
293 -3.62765e-09
294 -3.62765e-09
295 -3.62765e-09
296 -3.62765e-09
297 -3.62765e-09
298 -3.62765e-09
299 -3.62765e-09
300 -3.62765e-09
301 -3.62765e-09
302 -3.62765e-09
303 -3.62765e-09
304 -3.62765e-09
305 -3.62765e-09
306 -3.62765e-09
307 -3.62765e-09
308 -3.62765e-09
309 -3.62765e-09
310 -3.62765e-09
311 -3.62765e-09
312 -3.62765e-09
313 -3.62765e-09
314 8.84844e-10
315 8.84844e-10
316 8.84844e-10
317 8.84844e-10
318 8.84844e-10
319 8.84844e-10
320 8.84844e-10
321 8.84844e-10
322 8.84844e-10
323 8.84844e-10
324 8.84844e-10
325 8.84844e-10
326 8.84844e-10
327 8.84844e-10
328 8.84844e-10
329 8.84844e-10
330 8.84844e-10
331 8.84844e-10
332 8.84844e-10
333 8.84844e-10
334 8.84844e-10
335 8.84844e-10
336 8.84844e-10
337 8.84844e-10
338 8.84844e-10
339 8.84844e-10
340 8.84844e-10
341 8.84844e-10
342 8.84844e-10
343 -5.49614e-09
344 -5.49614e-09
345 -5.49614e-09
346 -5.49614e-09
347 -5.49614e-09
348 -5.49614e-09
349 -5.49614e-09
350 -5.49614e-09
351 -5.49614e-09
352 -5.49614e-09
353 -5.49614e-09
354 -5.49614e-09
355 -5.49614e-09
356 -5.49614e-09
357 -5.49614e-09
358 -5.49614e-09
359 -5.49614e-09
360 -5.49614e-09
361 -5.49614e-09
362 -5.49614e-09
363 -5.49614e-09
364 -5.49614e-09
365 -5.49614e-09
366 -5.49614e-09
367 -5.49614e-09
368 -5.49614e-09
369 -5.49614e-09
370 -5.49614e-09
371 -5.49614e-09
372 1.12944e-09
373 1.12944e-09
374 1.12944e-09
375 1.12944e-09
376 1.12944e-09
377 1.12944e-09
378 1.12944e-09
379 1.12944e-09
380 1.12944e-09
381 1.12944e-09
382 1.12944e-09
383 1.12944e-09
384 1.12944e-09
385 1.12944e-09
386 1.12944e-09
387 1.12944e-09
388 1.12944e-09
389 1.12944e-09
390 1.12944e-09
391 1.12944e-09
392 1.12944e-09
393 1.12944e-09
394 1.12944e-09
395 1.12944e-09
396 1.12944e-09
397 1.12944e-09
398 1.12944e-09
399 1.12944e-09
400 -6.42228e-09
401 -6.42228e-09
402 -6.42228e-09
403 -6.42228e-09
404 -6.42228e-09
405 -6.42228e-09
406 -6.42228e-09
407 -6.42228e-09
408 -6.42228e-09
409 -6.42228e-09
410 -6.42228e-09
411 -6.42228e-09
412 -6.42228e-09
413 -6.42228e-09
414 -6.42228e-09
415 -6.42228e-09
416 -6.42228e-09
417 -6.42228e-09
418 -6.42228e-09
419 -6.42228e-09
420 -6.42228e-09
421 -6.42228e-09
422 -6.42228e-09
423 -6.42228e-09
424 -6.42228e-09
425 -6.42228e-09
426 -6.42228e-09
427 -6.42228e-09
428 -6.42228e-09
429 2.35501e-09
430 2.35501e-09
431 2.35501e-09
432 2.35501e-09
433 2.35501e-09
434 2.35501e-09
435 2.35501e-09
436 2.35501e-09
437 2.35501e-09
438 2.35501e-09
439 2.35501e-09
440 2.35501e-09
441 2.35501e-09
442 2.35501e-09
443 2.35501e-09
444 2.35501e-09
445 2.35501e-09
446 2.35501e-09
447 2.35501e-09
448 2.35501e-09
449 2.35501e-09
450 2.35501e-09
451 2.35501e-09
452 2.35501e-09
453 2.35501e-09
454 2.35501e-09
455 2.35501e-09
456 2.35501e-09
457 -6.47392e-09
458 -6.47392e-09
459 -6.47392e-09
460 -6.47392e-09
461 -6.47392e-09
462 -6.47392e-09
463 -6.47392e-09
464 -6.47392e-09
465 -6.47392e-09
466 -6.47392e-09
467 -6.47392e-09
468 -6.47392e-09
469 -6.47392e-09
470 -6.47392e-09
471 -6.47392e-09
472 -6.47392e-09
473 -6.47392e-09
474 -6.47392e-09
475 -6.47392e-09
476 -6.47392e-09
477 -6.47392e-09
478 -6.47392e-09
479 -6.47392e-09
480 -6.47392e-09
481 -6.47392e-09
482 -6.47392e-09
483 -6.47392e-09
484 -6.47392e-09
485 -6.47392e-09
486 4.00214e-09
487 4.00214e-09
488 4.00214e-09
489 4.00214e-09
490 4.00214e-09
491 4.00214e-09
492 4.00214e-09
493 4.00214e-09
494 4.00214e-09
495 4.00214e-09
496 4.00214e-09
497 4.00214e-09
498 4.00214e-09
499 4.00214e-09
500 4.00214e-09
501 4.00214e-09
502 4.00214e-09
503 4.00214e-09
504 4.00214e-09
505 4.00214e-09
506 4.00214e-09
507 4.00214e-09
508 4.00214e-09
509 4.00214e-09
510 4.00214e-09
511 4.00214e-09
512 4.00214e-09
513 4.00214e-09
514 4.00214e-09
515 -6.11327e-09
516 -6.11327e-09
517 -6.11327e-09
518 -6.11327e-09
519 -6.11327e-09
520 -6.11327e-09
521 -6.11327e-09
522 -6.11327e-09
523 -6.11327e-09
524 -6.11327e-09
525 -6.11327e-09
526 -6.11327e-09
527 -6.11327e-09
528 -6.11327e-09
529 -6.11327e-09
530 -6.11327e-09
531 -6.11327e-09
532 -6.11327e-09
533 -6.11327e-09
534 -6.11327e-09
535 -6.11327e-09
536 -6.11327e-09
537 -6.11327e-09
538 -6.11327e-09
539 -6.11327e-09
540 -6.11327e-09
541 -6.11327e-09
542 -6.11327e-09
543 5.29284e-09
544 5.29284e-09
545 5.29284e-09
546 5.29284e-09
547 5.29284e-09
548 5.29284e-09
549 5.29284e-09
550 5.29284e-09
551 5.29284e-09
552 5.29284e-09
553 5.29284e-09
554 5.29284e-09
555 5.29284e-09
556 5.29284e-09
557 5.29284e-09
558 5.29284e-09
559 5.29284e-09
560 5.29284e-09
561 5.29284e-09
562 5.29284e-09
563 5.29284e-09
564 5.29284e-09
565 5.29284e-09
566 5.29284e-09
567 5.29284e-09
568 5.29284e-09
569 5.29284e-09
570 5.29284e-09
571 5.29284e-09
572 -5.82117e-09
573 -5.82117e-09
574 -5.82117e-09
575 -5.82117e-09
576 -5.82117e-09
577 -5.82117e-09
578 -5.82117e-09
579 -5.82117e-09
580 -5.82117e-09
581 -5.82117e-09
582 -5.82117e-09
583 -5.82117e-09
584 -5.82117e-09
585 -5.82117e-09
586 -5.82117e-09
587 -5.82117e-09
588 -5.82117e-09
589 -5.82117e-09
590 -5.82117e-09
591 -5.82117e-09
592 -5.82117e-09
593 -5.82117e-09
594 -5.82117e-09
595 -5.82117e-09
596 -5.82117e-09
597 -5.82117e-09
598 -5.82117e-09
599 -5.82117e-09
600 5.75105e-09
601 5.75105e-09
602 5.75105e-09
603 5.75105e-09
604 5.75105e-09
605 5.75105e-09
606 5.75105e-09
607 5.75105e-09
608 5.75105e-09
609 5.75105e-09
610 5.75105e-09
611 5.75105e-09
612 5.75104e-09
613 5.75104e-09
614 5.75104e-09
615 5.75104e-09
616 5.75103e-09
617 5.75103e-09
618 5.751e-09
619 5.751e-09
620 5.75095e-09
621 5.75095e-09
622 5.75082e-09
623 5.75082e-09
624 5.75054e-09
625 5.75054e-09
626 5.74993e-09
627 5.74993e-09
628 5.74865e-09
629 -5.98528e-09
630 -5.98758e-09
631 -5.98758e-09
632 -5.9922e-09
633 -5.9922e-09
634 -6.00124e-09
635 -6.00124e-09
636 -6.01849e-09
637 -6.01849e-09
638 -6.05066e-09
639 -6.05066e-09
640 -6.10924e-09
641 -6.10924e-09
642 -6.21343e-09
643 -6.21343e-09
644 -6.39432e-09
645 -6.39432e-09
646 -6.70097e-09
647 -6.70097e-09
648 -7.20838e-09
649 -7.20838e-09
650 -8.02789e-09
651 -8.02789e-09
652 -9.31953e-09
653 -9.31953e-09
654 -1.13059e-08
655 -1.13059e-08
656 -1.42858e-08
657 -1.42858e-08
658 -3.00809e-09
659 -3.00809e-09
660 -6.99543e-09
661 -6.99543e-09
662 -1.22871e-08
663 -1.22871e-08
664 -1.90652e-08
665 -1.90652e-08
666 -2.74166e-08
667 -2.74166e-08
668 -3.72681e-08
669 -3.72681e-08
670 -4.83169e-08
671 -4.83169e-08
672 -5.99704e-08
673 -5.99704e-08
674 -7.13149e-08
675 -7.13149e-08
676 -8.11381e-08
677 -8.11381e-08
678 -8.80283e-08
679 -8.80283e-08
680 -9.05722e-08
681 -9.05722e-08
682 -8.7656e-08
683 -8.7656e-08
684 -7.88553e-08
685 -7.88553e-08
686 4.50483e-07
687 4.50483e-07
688 5.93734e-07
689 5.93734e-07
690 7.54227e-07
691 7.54227e-07
692 9.26012e-07
693 9.26012e-07
694 1.1011e-06
695 1.1011e-06
696 1.27022e-06
697 1.27022e-06
698 1.42402e-06
699 1.42402e-06
700 1.55459e-06
701 1.55459e-06
702 1.65713e-06
703 1.65713e-06
704 1.73145e-06
705 1.73145e-06
706 1.78287e-06
707 1.78287e-06
708 1.82234e-06
709 1.82234e-06
710 1.86548e-06
711 1.86548e-06
712 1.93051e-06
713 1.93051e-06
714 2.03528e-06
715 6.46385e-06
716 6.9026e-06
717 6.9026e-06
718 7.38327e-06
719 7.38327e-06
720 7.89938e-06
721 7.89938e-06
722 8.43496e-06
723 8.43496e-06
724 8.96593e-06
725 8.96593e-06
726 9.46327e-06
727 9.46327e-06
728 9.89763e-06
729 9.89763e-06
730 1.02445e-05
731 1.02445e-05
732 1.04889e-05
733 1.04889e-05
734 1.06289e-05
735 1.06289e-05
736 1.06762e-05
737 1.06762e-05
738 1.06551e-05
739 1.06551e-05
740 1.05984e-05
741 1.05984e-05
742 1.05417e-05
743 2.06449e-05
744 2.08712e-05
745 2.08712e-05
746 2.11743e-05
747 2.11743e-05
748 2.156e-05
749 2.156e-05
750 2.20197e-05
751 2.20197e-05
752 2.25338e-05
753 2.25338e-05
754 2.30755e-05
755 2.30755e-05
756 2.36173e-05
757 2.36173e-05
758 2.41365e-05
759 2.41365e-05
760 2.46198e-05
761 2.46198e-05
762 2.50665e-05
763 2.50665e-05
764 2.54888e-05
765 2.54888e-05
766 2.59102e-05
767 2.59102e-05
768 2.63612e-05
769 2.63612e-05
770 2.68743e-05
771 2.68743e-05
772 5.53543e-05
773 5.53543e-05
774 5.70216e-05
775 5.70216e-05
776 5.88371e-05
777 5.88371e-05
778 6.07817e-05
779 6.07817e-05
780 6.28252e-05
781 6.28252e-05
782 6.49335e-05
783 6.49335e-05
784 6.7076e-05
785 6.7076e-05
786 6.92332e-05
787 6.92332e-05
788 7.14013e-05
789 7.14013e-05
790 7.35943e-05
791 7.35943e-05
792 7.58414e-05
793 7.58414e-05
794 7.81819e-05
795 7.81819e-05
796 8.06573e-05
797 8.06573e-05
798 8.33031e-05
799 8.33031e-05
800 8.61423e-05
801 0.0001755
802 0.000181819
803 0.000181819
804 0.000188426
805 0.000188426
806 0.000195268
807 0.000195268
808 0.000202286
809 0.000202286
810 0.000209427
811 0.000209427
812 0.000216653
813 0.000216653
814 0.000223959
815 0.000223959
816 0.000231375
817 0.000231375
818 0.000238973
819 0.000238973
820 0.000246859
821 0.000246859
822 0.000255164
823 0.000255164
824 0.000264019
825 0.000264019
826 0.000273524
827 0.000273524
828 0.000283729
829 0.000571741
830 0.000591326
831 0.000591326
832 0.000612116
833 0.000612116
834 0.000634219
835 0.000634219
836 0.000657807
837 0.000657807
838 0.000683142
839 0.000683142
840 0.000710572
841 0.000710572
842 0.000740477
843 0.000740477
844 0.000773195
845 0.000773195
846 0.00080896
847 0.00080896
848 0.000847901
849 0.000847901
850 0.000890115
851 0.000890115
852 0.0009358
853 0.0009358
854 0.000985396
855 0.000985396
856 0.00103966
857 0.00103966
858 0.00214471
859 0.00214471
860 0.00227607
861 0.00227607
862 0.00242214
863 0.00242214
864 0.00258467
865 0.00258467
866 0.00276523
867 0.00276523
868 0.00296544
869 0.00296544
870 0.00318734
871 0.00318734
872 0.00343391
873 0.00343391
874 0.00370943
875 0.00370943
876 0.00401976
877 0.00401976
878 0.00437247
879 0.00437247
880 0.00477693
881 0.00477693
882 0.00524448
883 0.00524448
884 0.00578866
885 0.00578866
886 0.0111904
887 0.0111904
888 0.0124783
889 0.0124783
890 0.0140098
891 0.0140098
892 0.015848
893 0.015848
894 0.0180774
895 0.0180774
896 0.0208091
897 0.0208091
898 0.024191
899 0.024191
900 0.0284272
901 0.0284272
902 0.0337918
903 0.0337918
904 0.0405712
905 0.0405712
906 0.0489351
907 0.0489351
908 0.0588473
909 0.0588473
910 0.0700638
911 0.0700638
912 0.0821692
913 0.0821692
914 0.0946265
915 0.219474
916 0.257686
917 0.257686
918 0.295238
919 0.295238
920 0.330363
921 0.330363
922 0.361503
923 0.361503
924 0.38756
925 0.38756
926 0.408102
927 0.408102
928 0.423217
929 0.423217
930 0.433082
931 0.433082
932 0.438112
933 0.438112
934 0.439246
935 0.439246
936 0.437368
937 0.437368
938 0.432856
939 0.432856
940 0.425562
941 0.425562
942 0.415357
943 0.415357
944 0.427779
945 0.427779
946 0.422182
947 0.422182
948 0.415193
949 0.415193
950 0.407665
951 0.407665
952 0.400394
953 0.400394
954 0.393609
955 0.393609
956 0.385436
957 0.385436
958 0.374687
959 0.374687
960 0.362175
961 0.362175
962 0.340761
963 0.340761
964 0.33769
965 0.33769
966 0.335978
967 0.335978
968 0.333529
969 0.333529
970 0.322155
971 0.322155
972 0.34477
973 0.34477
974 0.340421
975 0.340421
976 0.339437
977 0.339437
978 0.341333
979 0.341333
980 0.344129
981 0.344129
982 0.34563
983 0.34563
984 0.345788
985 0.345788
986 0.344783
987 0.344783
988 0.342498
989 0.342498
990 0.340017
991 0.340017
992 0.337203
993 0.337203
994 0.333559
995 0.333559
996 0.329752
997 0.329752
998 0.326874
999 0.326874
1000 0.325964
1001 0
1002 0
1003 0
1004 0
1005 0
1006 0
1007 0
1008 0
1009 0
1010 0
1011 0
1012 0
1013 0
1014 0
1015 0
1016 0
1017 0
1018 0
1019 0
1020 0
1021 0
1022 0
1023 0
1024 0
1025 0
1026 0
1027 0
1028 0
1029 0
1030 0
1031 0
1032 0
1033 0
1034 0
1035 0
1036 0
1037 0
1038 0
1039 0
1040 0
1041 0
1042 0
1043 0
1044 0
1045 0
1046 0
1047 0
1048 0
1049 0
1050 0
1051 0
1052 0
1053 0
1054 0
1055 0
1056 0
1057 0
1058 0
1059 0
1060 0
1061 0
1062 0
1063 0
1064 0
1065 0
1066 0
1067 0
1068 0
1069 0
1070 0
1071 0
1072 0
1073 0
1074 0
1075 0
1076 0
1077 0
1078 0
1079 0
1080 0
1081 0
1082 0
1083 0
1084 0
1085 0
1086 0
1087 0
1088 0
1089 0
1090 0
1091 0
1092 0
1093 0
1094 0
1095 0
1096 0
1097 0
1098 0
1099 0
1100 0
1101 0
1102 0
1103 0
1104 0
1105 0
1106 0
1107 0
1108 0
1109 0
1110 0
1111 0
1112 0
1113 0
1114 0
1115 0
1116 0
1117 0
1118 0
1119 0
1120 0
1121 0
1122 0
1123 0
1124 0
1125 0
1126 0
1127 0
1128 0
1129 0
1130 0
1131 0
1132 0
1133 0
1134 0
1135 0
1136 0
1137 0
1138 0
1139 0
1140 0
1141 0
1142 0
1143 0
1144 0
1145 0
1146 0
1147 0
1148 0
1149 0
1150 0
1151 0
1152 0
1153 0
1154 0
1155 0
1156 0
1157 0
1158 0
1159 0
1160 0
1161 0
1162 0
1163 0
1164 0
1165 0
1166 0
1167 0
1168 0
1169 0
1170 0
1171 0
1172 0
1173 0
1174 0
1175 0
1176 0
1177 0
1178 0
1179 0
1180 0
1181 0
1182 0
1183 0
1184 0
1185 0
1186 0
1187 0
1188 0
1189 0
1190 0
1191 0
1192 0
1193 0
1194 0
1195 0
1196 0
1197 0
1198 0
1199 0
1200 0
1201 0
1202 0
1203 0
1204 0
1205 0
1206 0
1207 0
1208 0
1209 0
1210 0
1211 0
1212 0
1213 0
1214 0
1215 0
1216 0
1217 0
1218 0
1219 0
1220 0
1221 0
1222 0
1223 0
1224 0
1225 0
1226 0
1227 0
1228 0
1229 0
1230 0
1231 0
1232 0
1233 0
1234 0
1235 0
1236 0
1237 0
1238 0
1239 0
1240 0
1241 0
1242 0
1243 0
1244 0
1245 0
1246 0
1247 0
1248 0
1249 0
1250 0
1251 0
1252 0
1253 0
1254 0
1255 0
1256 0
1257 0
1258 0
1259 0
1260 0
1261 0
1262 0
1263 0
1264 0
1265 0
1266 0
1267 0
1268 0
1269 0
1270 0
1271 0
1272 0
1273 0
1274 0
1275 0
1276 0
1277 0
1278 0
1279 0
1280 0
1281 0
1282 0
1283 0
1284 0
1285 0
1286 0
1287 0
1288 0
1289 0
1290 0
1291 0
1292 0
1293 0
1294 0
1295 0
1296 0
1297 0
1298 0
1299 0
1300 0
1301 0
1302 0
1303 0
1304 0
1305 0
1306 0
1307 0
1308 0
1309 0
1310 0
1311 0
1312 0
1313 0
1314 0
1315 0
1316 0
1317 0
1318 0
1319 0
1320 0
1321 0
1322 0
1323 0
1324 0
1325 0
1326 0
1327 0
1328 0
1329 0
1330 0
1331 0
1332 0
1333 0
1334 0
1335 0
1336 0
1337 0
1338 0
1339 0
1340 0
1341 0
1342 0
1343 0
1344 0
1345 0
1346 0
1347 0
1348 0
1349 0
1350 0
1351 0
1352 0
1353 0
1354 0
1355 0
1356 0
1357 0
1358 0
1359 0
1360 0
1361 0
1362 0
1363 0
1364 0
1365 0
1366 0
1367 0
1368 0
1369 0
1370 0
1371 0
1372 0
1373 0
1374 0
1375 0
1376 0
1377 0
1378 0
1379 0
1380 0
1381 0
1382 0
1383 0
1384 0
1385 0
1386 0
1387 0
1388 0
1389 0
1390 0
1391 0
1392 0
1393 0
1394 0
1395 0
1396 0
1397 0
1398 0
1399 0
1400 0
1401 0
1402 0
1403 0
1404 0
1405 0
1406 0
1407 0
1408 0
1409 0
1410 0
1411 0
1412 0
1413 0
1414 0
1415 0
1416 0
1417 0
1418 0
1419 0
1420 0
1421 0
1422 0
1423 0
1424 0
1425 0
1426 0
1427 0
1428 0
1429 0
1430 0
1431 0
1432 0
1433 0
1434 0
1435 0
1436 0
1437 0
1438 0
1439 0
1440 0
1441 0
1442 0
1443 0
1444 0
1445 0
1446 0
1447 0
1448 0
1449 0
1450 0
1451 0
1452 0
1453 0
1454 0
1455 0
1456 0
1457 0
1458 0
1459 0
1460 0
1461 0
1462 0
1463 0
1464 0
1465 0
1466 0
1467 0
1468 0
1469 0
1470 0
1471 0
1472 0
1473 0
1474 0
1475 0
1476 0
1477 0
1478 0
1479 0
1480 0
1481 0
1482 0
1483 0
1484 0
1485 0
1486 0
1487 0
1488 0
1489 0
1490 0
1491 0
1492 0
1493 0
1494 0
1495 0
1496 0
1497 0
1498 0
1499 0
1500 0
1501 0
1502 0
1503 0
1504 0
1505 0
1506 0
1507 0
1508 0
1509 0
1510 0
1511 0
1512 0
1513 0
1514 0
1515 0
1516 0
1517 0
1518 0
1519 0
1520 0
1521 0
1522 0
1523 0
1524 0
1525 0
1526 0
1527 0
1528 0
1529 0
1530 0
1531 0
1532 0
1533 0
1534 0
1535 0
1536 0
1537 0
1538 0
1539 0
1540 0
1541 0
1542 0
1543 0
1544 0
1545 0
1546 0
1547 0
1548 0
1549 0
1550 0
1551 0
1552 0
1553 0
1554 0
1555 0
1556 0
1557 0
1558 0
1559 0
1560 0
1561 0
1562 0
1563 0
1564 0
1565 0
1566 0
1567 0
1568 0
1569 0
1570 0
1571 0
1572 0
1573 0
1574 0
1575 0
1576 0
1577 0
1578 0
1579 0
1580 0
1581 0
1582 0
1583 0
1584 0
1585 0
1586 0
1587 0
1588 0
1589 0
1590 0
1591 0
1592 0
1593 0
1594 0
1595 0
1596 0
1597 0
1598 0
1599 0
1600 0
1601 0
1602 0
1603 0
1604 0
1605 0
1606 0
1607 0
1608 0
1609 0
1610 0
1611 0
1612 0
1613 0
1614 0
1615 0
1616 0
1617 0
1618 0
1619 0
1620 0
1621 0
1622 0
1623 0
1624 0
1625 0
1626 0
1627 0
1628 0
1629 0
1630 0
1631 0
1632 0
1633 0
1634 0
1635 0
1636 0
1637 0
1638 0
1639 0
1640 0
1641 0
1642 0
1643 0
1644 0
1645 0
1646 0
1647 0
1648 0
1649 0
1650 0
1651 0
1652 0
1653 0
1654 0
1655 0
1656 0
1657 0
1658 0
1659 0
1660 0
1661 0
1662 0
1663 0
1664 0
1665 0
1666 0
1667 0
1668 0
1669 0
1670 0
1671 0
1672 0
1673 0
1674 0
1675 0
1676 0
1677 0
1678 0
1679 0
1680 0
1681 0
1682 0
1683 0
1684 0
1685 0
1686 0
1687 0
1688 0
1689 0
1690 0
1691 0
1692 0
1693 0
1694 0
1695 0
1696 0
1697 0
1698 0
1699 0
1700 0
1701 0
1702 0
1703 0
1704 0
1705 0
1706 0
1707 0
1708 0
1709 0
1710 0
1711 0
1712 0
1713 0
1714 0
1715 0
1716 0
1717 0
1718 0
1719 0
1720 0
1721 0
1722 0
1723 0
1724 0
1725 0
1726 0
1727 0
1728 0
1729 0
1730 0
1731 0
1732 0
1733 0
1734 0
1735 0
1736 0
1737 0
1738 0
1739 0
1740 0
1741 0
1742 0
1743 0
1744 0
1745 0
1746 0
1747 0
1748 0
1749 0
1750 0
1751 0
1752 0
1753 0
1754 0
1755 0
1756 0
1757 0
1758 0
1759 0
1760 0
1761 0
1762 0
1763 0
1764 0
1765 0
1766 0
1767 0
1768 0
1769 0
1770 0
1771 0
1772 0
1773 0
1774 0
1775 0
1776 0
1777 0
1778 0
1779 0
1780 0
1781 0
1782 0
1783 0
1784 0
1785 0
1786 0
1787 0
1788 0
1789 0
1790 0
1791 0
1792 0
1793 0
1794 0
1795 0
1796 0
1797 0
1798 0
1799 0
1800 0
1801 0
1802 0
1803 0
1804 0
1805 0
1806 0
1807 0
1808 0
1809 0
1810 0
1811 0
1812 0
1813 0
1814 0
1815 0
1816 0
1817 0
1818 0
1819 0
1820 0
1821 0
1822 0
1823 0
1824 0
1825 0
1826 0
1827 0
1828 0
1829 0
1830 0
1831 0
1832 0
1833 0
1834 0
1835 0
1836 0
1837 0
1838 0
1839 0
1840 0
1841 0
1842 0
1843 0
1844 0
1845 0
1846 0
1847 0
1848 0
1849 0
1850 0
1851 0
1852 0
1853 0
1854 0
1855 0
1856 0
1857 0
1858 0
1859 0
1860 0
1861 0
1862 0
1863 0
1864 0
1865 0
1866 0
1867 0
1868 0
1869 0
1870 0
1871 0
1872 0
1873 0
1874 0
1875 0
1876 0
1877 0
1878 0
1879 0
1880 0
1881 0
1882 0
1883 0
1884 0
1885 0
1886 0
1887 0
1888 0
1889 0
1890 0
1891 0
1892 0
1893 0
1894 0
1895 0
1896 0
1897 0
1898 0
1899 0
1900 0
1901 0
1902 0
1903 0
1904 0
1905 0
1906 0
1907 0
1908 0
1909 0
1910 0
1911 0
1912 0
1913 0
1914 0
1915 0
1916 0
1917 0
1918 0
1919 0
1920 0
1921 0
1922 0
1923 0
1924 0
1925 0
1926 0
1927 0
1928 0
1929 0
1930 0
1931 0
1932 0
1933 0
1934 0
1935 0
1936 0
1937 0
1938 0
1939 0
1940 0
1941 0
1942 0
1943 0
1944 0
1945 0
1946 0
1947 0
1948 0
1949 0
1950 0
1951 0
1952 0
1953 0
1954 0
1955 0
1956 0
1957 0
1958 0
1959 0
1960 0
1961 0
1962 0
1963 0
1964 0
1965 0
1966 0
1967 0
1968 0
1969 0
1970 0
1971 0
1972 0
1973 0
1974 0
1975 0
1976 0
1977 0
1978 0
1979 0
1980 0
1981 0
1982 0
1983 0
1984 0
1985 0
1986 0
1987 0
1988 0
1989 0
1990 0
1991 0
1992 0
1993 0
1994 0
1995 0
1996 0
1997 0
1998 0
1999 0
2000 0
